Id,SalePrice
2658,176024.60655113577
2718,180224.48569660613
2414,164852.9901055672
1989,125167.29936878373
625,185579.21234902434
333,94011.66116017831
1327,109833.56417444134
858,135176.91801268922
95,192534.3625890837
1568,164605.10172459573
2482,158435.1687824693
1364,145303.16954307508
2584,176513.57037410827
818,338813.76079932455
2673,155655.14184734013
2089,136857.91878659173
1297,164456.43726557086
790,126703.5475806471
2616,204652.95234086248
720,210716.92524989578
222,124475.31110790212
557,121485.92890396743
1148,195569.72686343794
2766,145845.3212844985
534,190158.76696254313
1452,112572.87526083003
630,127756.06473910433
2648,134909.57530124593
125,156889.0337472221
1904,66339.6374816821
1670,104480.9038641604
756,112245.24500998596
717,275410.1741243232
1032,140005.27144753322
852,219890.66137123955
1731,161692.47370713588
2639,112402.09708922116
2071,109646.11638267254
1267,118802.54210664454
1851,201445.8198873164
567,132446.24263293843
2439,206213.50106608152
1898,152513.36273461243
647,138772.62216737878
2256,221252.99770241114
979,91909.54193916035
1444,209273.781161869
2485,118876.05507489297
157,117000.27515212726
88,124009.58804954328
2003,120348.060361095
186,288201.62742916634
1425,281260.9070036783
2695,122250.25264195174
738,116943.09901371459
395,147029.4311252026
1353,194760.21663401608
1878,142787.34271699947
390,177995.17187427686
1456,223582.89783773792
1103,338653.47664983175
1387,136646.59587507613
2070,128514.68442368627
1199,184069.60386255567
2479,162889.93773692852
501,343204.9124611509
2362,89047.19266928916
1718,181187.16573592022
2188,76557.79703812065
1483,134634.29095151363
2557,98048.71576848172
437,311026.42689825833
2224,198298.1163223643
1628,173001.87218248306
397,124761.63748614959
587,200321.68592510498
2182,534935.7911177462
971,163751.08964026827
2611,150768.64523183435
1887,112711.42423476756
2399,360353.5473259232
2148,212298.48193888122
304,134314.6212254186
1997,119408.05765068198
2817,115180.11146672138
1431,164676.13146272735
427,348950.2748892742
263,117254.1638620109
598,182001.08193614666
2895,272444.6704925864
687,169184.9305165127
1822,120435.67803327886
2191,107771.21865187012
179,133895.7378994436
1009,203489.11148553295
2010,116006.1232734397
1991,152034.33186185337
1411,144854.16510986607
1721,254115.56180900784
1144,172012.6312877532
593,208266.45822083295
575,274614.8726852325
1249,210388.14425823587
1604,115129.18614280732
1064,445296.02793878637
1923,156216.33329757265
1988,99601.01861424497
2325,154321.4108615702
114,208525.68060733576
2700,215012.98000762658
217,108066.51198277847
343,190192.45692994937
386,239568.20264659985
2005,121588.1686881777
2908,114036.48030286268
1814,212952.46308167573
2446,529659.0111273315
208,163053.33513264242
1679,130687.79756346304
822,339521.50649762864
6,167740.07184041705
1781,435357.44962771505
2397,309702.2087768221
2340,301460.25589186983
1618,151022.29177392006
2843,118011.42304680319
1061,364965.0708715704
2786,111198.41190196667
1935,120533.78932338457
1341,111199.15275503957
521,304622.82045232283
2136,120241.67666055303
996,169755.62822844033
227,132543.1412375018
135,146562.02359114055
1167,164100.84999645402
294,183880.30181944658
1776,202104.5386060275
540,179204.25785867963
1717,181187.16573592022
2303,106855.08921730026
116,182356.7363864108
127,124958.52158905001
1371,137071.82821058686
1014,184019.62001192762
1507,106229.59518585051
702,171164.6494968451
750,183400.7198417954
261,134248.47429135084
1559,81387.00930228685
577,230748.25344659598
2812,195468.55171038164
2080,153105.7696213264
1368,127737.0628304105
2376,113941.1789095191
659,104346.58646827441
1235,125851.10164299724
332,83206.2012508347
1917,131540.15355889333
2094,239087.0870807649
1460,284769.77075233735
1471,189929.90640519993
1509,115584.06605076612
1922,124022.37734664525
433,471450.8391623913
460,276178.80553346965
1116,289563.89365462324
1137,158793.5828253235
53,170216.13297435272
2354,235343.0365191694
1475,207880.35249133798
1761,555405.8701989958
842,126977.19266996224
2739,164121.05518446479
2509,135858.83522124856
1007,211448.84528006273
2610,173715.18635413758
1952,94929.13262072873
2719,180277.65952711692
2921,94011.66116017831
1966,135403.33185454563
292,110128.34319781151
1204,226887.24665150675
1829,243392.80557083752
2419,169079.16787937513
391,176510.29603830344
798,129039.96669837656
481,171329.2739606299
193,189386.5330279294
555,124485.69206808736
899,90436.9078864604
2357,189135.262019476
328,116482.02263121848
1356,121153.48208747093
1154,110940.70002217978
1730,151606.40194869577
2249,136111.47072442994
1119,272617.7437204006
2856,133621.39786966285
1394,132950.5145283349
2587,142710.7011096274
61,328902.5732625836
2661,228612.62897182684
2711,131909.3772849923
1147,175113.60566403504
757,139522.38945356914
2623,111530.88830951789
2378,154700.94412000666
1413,126789.78270250057
1722,228971.326412711
1112,199190.27149008305
1623,173769.20544533708
1201,192639.09421292425
1513,107107.3783651997
957,256698.4338239491
1171,281718.8742412103
1145,193999.60993887536
2726,236582.62849351822
703,147255.78752749102
760,90534.79161195665
1964,123555.61490377081
2512,175935.49720968257
159,164251.8226479952
1281,184116.13474991446
468,152793.89975218393
290,128086.17022618226
665,116480.01725636984
1463,276051.5751665232
1792,222935.2941837412
923,136473.08320875064
500,310763.65766230645
1408,123842.69989004832
331,76621.45650046252
170,93116.96253063815
2192,93501.88486215123
2571,321259.8584860626
2314,149056.03430505196
2647,108075.56470556355
422,426862.9611759123
2457,322159.160551632
1838,196090.2617798186
2805,247069.99326500556
1645,165283.16601930666
1711,310692.10831745877
2825,239266.69759623776
322,351879.18617259664
2103,294415.50515486556
342,131460.79956631054
600,101782.06511689175
488,181371.61218933947
1725,323363.82666653517
2246,263249.89698887174
2847,157415.97246803477
806,248744.6197421929
530,223114.24257818537
963,179834.48235120272
2678,87282.96320246725
171,90071.08411575554
2401,402818.88500807574
805,212200.90889831315
2259,199880.84384970632
1748,159258.25414807277
1361,142125.88067262046
1677,126809.4334209609
1406,162926.20450674515
2322,211639.73661199148
688,184684.52786426427
143,137957.85961127028
804,205486.0651716061
1214,183397.84211081653
2828,156883.36305548702
1999,210877.2035546631
2467,182973.42196815595
2665,198552.55435537556
1538,421483.67048340564
398,102582.77427643834
2822,132876.12333744267
2157,135668.35686535976
1856,156954.24148287054
1269,130322.60454557044
2570,128802.83166927603
2320,238326.63170984262
1517,149777.43310170952
2304,106026.22573225485
1312,109185.94011348489
2012,146181.2880361105
506,206079.1351821648
2865,208177.72472280456
2367,110019.10530590478
554,118744.72255946908
238,135931.48854949037
1954,112247.27220312996
2488,184681.76801617557
2291,94011.66116017831
1969,116037.54504991624
2725,156951.3161083377
1482,134634.29095151363
2763,203307.48385946068
503,235147.07704507612
1584,237679.9834892726
1531,163870.71806859737
2210,199310.10981923214
459,325654.26924946945
556,132426.13494221173
1347,168138.68719929561
1290,94058.26320911683
1388,107746.24355693947
1571,170249.15353466166
2754,195103.92108395728
765,126610.82886360881
2494,122988.98135404303
2870,153227.58434095074
7,222684.57840364415
1114,236172.07906559153
2418,297950.4958524223
291,166787.1794377813
18,351350.3021932279
39,358669.4620831756
1001,258090.03088253818
2442,237658.3903845754
616,125371.60236696107
2680,83644.51997889811
1414,129191.45231013898
289,144685.34893638713
40,278955.75515274785
860,121348.02546644323
409,126969.27145394342
673,146575.7705947013
2427,169912.9156490496
2036,180190.33649972346
2564,133328.48170816485
642,176211.41614584834
1008,175480.55391654026
1908,172837.99350368048
2519,211400.82506825653
1369,108103.00195143871
2855,170590.36788607715
712,105372.12519188799
1943,107480.18188638735
1958,141412.0563846306
107,149770.21301816794
2295,166871.01058834078
704,105975.30235270424
676,127820.52010229217
259,172850.50783491705
93,301737.1493472436
106,233474.34256766373
2315,172988.73132094968
1050,113108.45680715438
1095,170020.11491800685
2709,144674.969791852
758,159409.4741478855
1496,145125.94992970722
2370,126808.5486848012
2458,266061.6989903382
2733,126785.22279993753
161,270283.4439386361
726,164385.12477539567
845,210710.58939291953
947,260072.13087638043
2232,123169.37745120439
2563,148548.58089013555
2299,115950.47315913926
211,113354.07224162357
605,188108.23484259454
1478,204775.1349303818
2247,264927.82277959207
2274,189721.50075622462
2869,174338.19441078798
967,220029.39131095388
2656,92757.40386751473
667,265810.00186227344
1042,112873.47998633489
2023,177487.42331047158
2447,405143.7654127599
2055,127446.86755041742
2275,291323.04365938465
2204,159220.1596376007
1563,260439.1138530815
483,201689.6159828634
796,117977.91205006876
1526,158751.2285922144
2042,178415.48129313093
442,346093.20680043905
1693,311238.20630586846
1468,208583.24534487267
1430,195276.7225323924
2605,183892.0991507628
1529,176864.46204436704
335,130986.7239457884
1287,134472.12197906952
31,106857.48904047615
1785,259164.0216801004
82,167847.79196636242
2620,115688.34191571886
252,187340.12246721244
721,87078.65053227972
2165,168792.06257276968
2316,154727.27606525423
775,117586.74181070908
1558,89983.35438755288
17,229324.2906314395
1022,242719.77491457344
925,119966.60190338152
438,299832.3572630107
1270,152099.77002365043
1272,122995.66943580587
215,149962.25824877722
266,214706.29601409507
2402,255109.922692806
1250,131406.08014008272
1984,133801.48479500934
1279,146043.84402045517
377,260274.4226275167
1252,160120.3743526914
2156,268424.8453873178
499,351504.340170295
1374,117518.88520120597
2898,257135.5417744423
401,102582.77427643834
2721,174023.2674203488
2078,245758.13102872221
2589,124844.72544080397
1946,264634.7604380757
1334,129795.79416328129
2781,239502.9966851563
431,413593.65086858044
576,210321.62143351478
1474,200927.4119944184
2254,145729.5874304756
2155,318740.1247457317
885,108609.09882512175
643,141864.3656452709
1944,120747.21873515722
480,181993.89437018542
2845,110301.50384181278
2387,333584.83204015665
2407,200920.39282182386
2527,171175.90382555194
2514,124724.50670735107
629,186345.0881841944
80,200782.6245358088
1876,130817.05646439211
1546,124956.4429185041
2518,166158.20631975803
2347,162853.64164845232
783,146329.31287129247
1322,73500.29766317933
194,90695.77864531854
1770,298942.6470353777
2143,118135.67446673798
1229,202795.75819158283
511,296540.81843573065
46,201086.6448844025
1348,203332.52538203105
2465,180197.00733411685
387,229776.52654212038
873,210239.8529324672
1918,121961.61901255156
2764,232395.45576611458
2184,120462.01479608481
934,131355.17215673855
1920,125009.1950596357
2631,153182.53310248
1768,541532.9850211829
2040,119894.78626276906
1749,206552.8490375044
834,200635.19867128145
1457,241599.73547956554
79,112012.70186060264
2302,106855.08921730026
1817,118404.73055983284
2755,252973.70817214315
359,150969.59919488154
2059,113547.065626929
2092,265961.256945192
2516,250937.8088498766
150,125706.32850301525
1656,151887.40691188758
83,124722.78389522473
2411,166443.20968547452
795,97255.40787370055
2312,241376.64452459879
2917,82230.98859074843
1624,170461.45333644975
2215,315328.9760683818
1211,149857.15522115078
1485,135623.64308194348
1024,174489.8293933874
570,180325.13320467214
2874,150348.68382243975
700,168056.6020221586
2756,217982.62413762268
2022,191926.8564159412
583,230744.14741693574
2392,352443.9355327685
2424,201579.2761054751
212,116818.79573187171
736,122806.84775131919
1610,173580.6848563776
890,115447.20611268713
467,149760.30940151413
578,291594.2037230151
1747,166214.86862499051
1149,157656.0585639747
2758,209390.2250225311
857,112738.05966161529
2219,297669.5187257215
733,129766.93325785776
2909,115474.07820132852
1798,269339.5025007816
235,103123.70839201288
2366,137983.58487714705
1027,127529.41879828533
1195,123548.86145486461
1303,55290.532040154736
148,195430.78144257196
608,152717.84824072648
2515,182448.710626844
821,289646.06299980095
2500,281222.0798116949
745,120168.20130945381
741,147963.4560778502
1611,151377.75741164785
2532,114660.53597183802
1081,223600.35652296303
1692,405327.2819632198
2520,185987.65603961292
276,139755.1101244636
1992,125002.96277088416
663,64588.34683294772
418,135428.34040843832
1733,165260.92775941174
2359,151716.04617568862
253,187841.44761199263
1518,160321.82892576154
2035,143932.5932891318
2919,83206.2012508347
1540,233399.3333497222
2120,135071.43484033603
1674,171272.6496529624
256,152738.63186280645
2361,98212.91527016068
978,82436.37411698443
2280,158018.931539052
2095,232292.41466631292
1709,324139.39644947037
2801,228844.8135642688
1246,111798.5036078835
2373,110014.71748078096
1055,287578.5104270437
2017,131008.33402061474
1099,274564.36318855797
1344,104024.37811767106
835,175233.5956188782
1117,213772.5675214469
2043,97911.31319644416
2085,117037.44458865338
410,157938.6193396539
2650,134390.89307027543
2867,174278.50278319407
1668,117405.69201317927
1161,149573.28353445462
2122,157538.7758712123
2539,134662.42908110522
1047,140658.7139965205
1445,117143.43669307837
541,112931.15675555092
569,207184.89483228675
1276,128821.03200663996
918,134743.45505572908
326,150755.81289230153
1936,115020.68616709986
895,99558.18481947733
257,127016.76545795778
1241,191721.8853737046
1545,126820.19459122312
1189,168398.57058463886
270,135623.64308194348
2066,218653.3648729611
693,121950.83379048517
1259,171995.2614399487
2916,137689.29817571174
2321,280518.668152443
1977,120290.50777732911
1895,159865.41689899864
1240,167629.623536215
85,141214.1039662884
1823,117794.35085158187
825,281698.8873972624
110,215101.12924460872
697,130448.66664593766
2297,94925.48548763459
1231,142680.2315381328
1355,129411.24058284875
968,360340.3998470493
584,239293.60019119203
1315,108985.19651909554
1606,118870.80181064733
206,112359.20824385493
1685,346940.5370285888
2016,128629.70656947441
869,210262.17490272483
2135,117934.79925999165
2346,167006.86199273777
2430,222593.5512355536
2198,103221.44512597722
2652,126516.97797977642
27,103032.36286359715
241,157303.5985440386
906,119847.21252889922
1506,91473.05826279224
2098,380828.3999766438
1435,210295.37756602053
2213,142315.36810788044
1274,147237.10491157306
743,68465.0298212505
1737,192644.90159410212
2797,290712.0044616238
2185,95334.10058105436
58,165208.0756277591
830,189644.40643945997
808,158658.65618260586
680,136883.76913865758
1153,113616.99856693002
1291,138011.8735832896
1818,182022.88547999779
2161,171504.6690520332
1883,134961.54053394718
350,324380.66717423644
2473,129004.6564781034
295,182324.270905133
293,199838.39136967118
859,112272.21140107866
288,84500.46845753625
1578,127535.07556598331
102,185053.91311741128
2831,173985.4101926172
1030,183153.4480865924
2551,134091.1483374756
1286,148153.02272346814
958,311478.4185624308
776,116738.28267602742
72,183607.14359431982
2263,266248.4578608216
1866,153412.95914790916
2876,83039.34048607077
2146,273329.2655552669
103,162383.5859272455
1500,156805.7622328513
492,170874.85373181273
167,140706.04084635485
2597,109573.11214076456
2685,123935.30268045473
1035,150256.0263270857
1220,79039.15944152186
2602,162173.37296154315
2159,204537.27546101168
695,184039.31881015675
1109,240060.24194564135
640,198153.67834553303
1652,148691.8100230457
2090,186450.10197537515
1188,197730.53203613067
2345,246813.8063772876
1059,391880.552122512
2751,238422.49719169867
128,180095.84703110481
1523,186482.67782723674
2925,145667.4960368085
2145,326130.8905230089
1121,227430.00682678065
566,295419.0673614907
565,207915.39337579164
1331,147209.84682204796
2928,105805.31734264831
156,138451.65629149164
797,136539.46052677406
327,94011.66116017831
2859,149253.50549898655
1453,105785.33832366654
1762,350859.6793134414
1868,224375.61046587618
1760,170462.13241563045
1113,268367.08322261483
1812,180042.8391414374
117,165401.33514222954
1142,204677.3437106268
2342,368078.5802285366
927,130006.32220295527
2478,186791.04928506492
655,83385.83375193126
2064,115405.46997064908
369,214589.3412124057
2239,138042.6179000395
2732,207857.92065069408
1653,157840.19453354436
959,195613.37829083667
2395,314953.3171901748
1412,99473.0099949211
271,263328.4798591442
1484,137219.2728658733
1497,116998.06079930728
552,187964.3751317186
2,123066.49099134369
1855,263726.1169814602
4,261037.30439286603
2292,153044.95229790098
134,132635.69999678218
646,113398.2221594732
42,344893.49954506074
532,220989.63386455635
713,101874.70936415334
2561,131998.2255080216
2360,127233.03055432496
1333,118229.94430083406
1407,231260.5926692653
2892,258073.76692858292
574,235992.81066968033
1227,177413.3909791017
2591,267082.748592015
1476,212613.41634706518
1125,266101.35890326655
1446,113828.59962252807
408,115438.41485737929
1101,304183.0327827896
2251,162490.71793698292
373,210643.4623658506
2554,123476.88558638122
2382,286739.9044958671
1985,100619.31397368334
519,220839.5789075479
1093,187432.3535942247
864,263880.4819164403
2889,150299.50582400142
2308,199025.12677737908
986,132160.9698867399
1302,151712.20029925348
585,148878.40227168967
2708,141538.7597851512
147,132729.51141055377
1441,215880.1488271571
383,163786.9606838224
285,143070.9396638491
181,128814.73821366401
358,149764.12115603482
780,129762.63133994816
258,193455.8469756919
1865,221730.71578277383
692,131776.98707518633
2902,326548.0210727764
508,299213.76582232
2638,132163.58375014257
36,154168.1492259725
611,188752.7017406348
2281,115068.16834664813
1678,126801.43731627507
1696,418218.33079116547
1557,94852.93545187738
2180,129699.75524320485
1726,225409.6403508175
951,131572.2669046392
267,227932.9969572152
2706,128377.79223635554
2221,208212.9708794236
1357,183810.35509852116
2901,314702.15962955507
347,189728.50393772492
2164,179783.1654810016
1586,310643.81519098254
360,155746.4732254779
1769,221053.9622097213
2617,211304.440585704
1879,157620.4999572967
991,222355.79367094178
1535,125074.56086472193
1191,165160.18486315157
1579,193771.3891931519
1882,133157.5651362465
1510,120364.86321530792
2196,143005.92774805217
1845,171218.44154626026
2336,409156.9567928916
942,107731.30926797283
861,105733.56478465901
2555,103732.81404606022
1392,141712.21528439719
2099,294415.50515486556
1543,118064.0261789271
948,231399.5786144617
1239,150080.2573224862
22,179131.92299912556
2796,260886.57594788144
2747,167348.6112765671
92,322081.86916002317
210,156125.98444715136
1858,221451.49908493896
2228,184705.6186408782
447,223824.35295932888
827,231633.9249627247
1649,227600.9640256983
682,138950.28368136793
2698,135634.3928203815
494,165529.55045057688
214,93616.84839355007
2441,265214.8106947034
2679,125352.81228102258
1336,121254.5701047908
465,164205.66397782965
1524,132398.69910785128
2543,119166.52198588551
631,128638.94745866422
2452,332770.7898487989
228,154430.54954661935
126,130989.78495500561
1092,202409.91474399393
1122,200216.5187751971
932,206151.5091431633
1980,107394.70595568797
2171,105911.52304504125
551,149961.6004194014
2768,176350.06818279985
2056,115539.36950069916
1159,351242.24815063406
2645,142326.96552424057
1174,169324.54054647364
2266,208734.81903021768
2462,403953.0155689169
1219,127792.77385747593
2922,204130.66390135282
118,149705.2497671676
474,168882.06733207445
2576,161045.2443272975
872,279157.7351982753
1077,228318.5209212302
1536,145293.21638524794
1150,121934.19506794061
2341,305344.5959352368
1931,131236.10239534226
2785,119290.51143572433
2538,123793.43973224741
597,231677.30363774713
464,185482.14635822826
233,206766.9895525069
2169,118998.52013757566
2123,135898.7440989678
1867,178433.27881733436
137,265825.3959055218
515,209761.76951008957
933,117781.43287222335
2784,176314.70172300603
972,165188.94772775195
599,170440.97977384014
2614,125239.33376412796
2582,125594.2375194387
1409,177884.87859664255
175,102490.27939396052
352,237816.03218646563
976,82436.37411698443
2134,192619.8315841114
984,97446.9180395964
2396,341915.33288553805
1673,129964.96083226573
404,141878.53528613714
607,157512.27403327302
814,161295.54993541143
868,194399.4839594663
2271,191127.40348341933
1633,231047.97543871927
337,232805.3798615022
2765,168010.2425370467
1746,222620.81401806802
368,336781.3356379418
2806,202703.17824193474
1662,187926.94117811727
1234,202093.5418195531
1373,133883.23968669737
1672,101797.72308666169
1939,117944.15545519693
