Id,SalePrice
2658,154793.65836752852
2718,205851.29821814466
2414,192470.8965825425
1989,130040.4363910468
625,185943.2883434549
333,88903.36968093022
1327,113926.0156713276
858,146333.47266377514
95,210374.1762058265
1568,166819.04970057288
2482,172027.75167778303
1364,145122.0854329532
2584,167135.23451468817
818,275795.05118960043
2673,170064.1490906104
2089,136771.8082290279
1297,154325.9027436701
790,116631.5042876554
2616,204027.29434329126
720,202048.70218142305
222,133193.07349170514
557,120947.88498007611
1148,206057.12106578247
2766,147985.34342782808
534,209722.2949603098
1452,110305.60387299252
630,131308.40550121723
2648,133724.9567918762
125,152910.91226985276
1904,17530.704894072725
1670,100089.78034721021
756,97693.58438834694
717,266182.84536488407
1032,154001.8400952698
852,229536.4791799297
1731,192053.73365677943
2639,121872.21787083684
2071,80681.21760647949
1267,113764.6090319563
1851,211261.46092757574
567,167495.54954155232
2439,215103.94201979917
1898,164695.99168742946
647,150417.52758909715
2256,225844.9255604178
979,103323.90155746619
1444,223450.80485723505
2485,110258.68065382465
157,121620.96947432002
88,117300.32871584715
2003,105694.29935743232
186,222453.46090917767
1425,274409.32884728105
2695,130016.03852058543
738,113667.80502284512
395,162336.95992718934
1353,170400.16564347383
1878,147700.4525317063
390,180066.6886844417
1456,234673.2977272133
1103,314926.1842792368
1387,121728.44552994033
2070,153219.77622633666
1199,192359.98627069875
2479,175703.47862240707
501,318988.175569669
2362,73709.00665264811
1718,205275.43864377693
2188,48751.205821092066
1483,161161.3746409324
2557,77783.66521765736
437,299283.4652756101
2224,206123.3610661283
1628,183240.9536913554
397,130751.94483708132
587,220249.86886377845
2182,519535.91250405984
971,171688.9338250628
2611,161536.3524785502
1887,88284.95669618176
2399,324300.9148805013
2148,221922.6768969385
304,132246.21844739275
1997,129259.28043104021
2817,113866.78308249204
1431,180444.41353464068
427,330494.392780895
263,121036.49837427042
598,187405.48460803222
2895,269133.8725003214
687,176745.34271836292
1822,126922.81911327389
2191,104596.34627144874
179,145220.70117749198
1009,209347.3231710051
2010,116715.94672290504
1991,145394.96347704547
1411,150079.96874685274
1721,254178.55634424224
1144,190056.97673341437
593,224227.31201176075
575,273562.45244939806
1249,199941.38037686673
1604,119104.52557013056
1064,402810.64638047916
1923,149565.3193126406
1988,94667.97239615126
2325,171705.19881526654
114,195490.34267058302
2700,213462.66692574465
217,144001.83122276084
343,197702.96263362284
386,243391.41777915938
2005,110884.47472079576
2908,135830.22536383072
1814,217660.26091158783
2446,445960.0301465589
208,150199.3755711899
1679,135549.96310029912
822,310117.8923885008
6,184342.17442067392
1781,370847.70377247164
2397,294808.70494524523
2340,286761.209289339
1618,170095.96050059644
2843,133922.51094652843
1061,330476.8889841323
2786,108382.66308667792
1935,126791.32875844542
1341,114174.01396351261
521,289445.83530256763
2136,129879.5048359372
996,185688.19609910424
227,138653.24698277639
135,169076.33458586593
1167,183635.46122124433
294,233887.7255918746
1776,216242.2945920478
540,200191.50231552322
1717,205275.43864377693
2303,110524.1437895768
116,194686.74822257695
127,127801.24135243418
1371,142921.7203780536
1014,177585.7428161925
1507,96059.82644535301
702,166226.48912761672
750,161515.10850900487
261,154868.02977785704
1559,55434.03160389792
577,233723.54938332274
2812,212139.48016403653
2080,156308.17225394768
1368,130739.11142185866
2376,107620.7002866989
659,103124.47461222262
1235,121631.26993827504
332,73280.06148262862
1917,140798.67029650422
2094,241215.79424935815
1460,286747.1587275313
1471,206630.72528331884
1509,121746.76405475385
1922,130978.64223143407
433,404126.06628914253
460,279858.55140230525
1116,279681.5291538027
1137,180468.16600507355
53,193693.15927939946
2354,242533.22909097336
1475,218314.53874778442
1761,446595.75893741136
842,143390.4491909318
2739,170801.86377065157
2509,177895.98749318015
1007,211650.68112939264
2610,182700.9870419726
1952,72850.74957400688
2719,208598.13195834617
2921,87702.54716229675
1966,131727.16246057735
292,113436.18236514895
1204,217131.07224861183
1829,240343.0183840648
2419,195318.53325037996
391,174486.54708843637
798,121619.61441187674
481,194053.84172687685
193,211782.37487863563
555,120616.06343428581
899,62554.26286919427
2357,190777.3596364711
328,114245.9904520642
1356,123314.03106598793
1154,102618.41035539328
1730,176069.43319890674
2249,145770.12843737993
1119,271218.7974317915
2856,116359.53327876428
1394,141880.1008262467
2587,125131.52854806204
61,309587.563510222
2661,216952.46675787767
2711,129255.39003343302
1147,188075.88019636826
757,146027.42638024432
2623,83204.98548240036
2378,161041.4437655699
1413,154789.94486811396
1722,238344.79999552813
1112,217389.83133881917
1623,189199.8631910083
1201,194164.2892335146
1513,111487.60917929187
957,241831.4009701572
1171,271508.90607123525
1145,203269.0737238578
2726,237245.84432933776
703,164437.52608118014
760,57210.33140972613
1964,130868.72979219531
2512,198872.28389408594
159,167882.07082172972
1281,192986.4064129567
468,175656.71188126746
290,120390.56857388909
665,99597.71840694269
1463,271296.56426397647
1792,235007.05351438775
923,133633.0511266341
500,301799.2406939789
1408,151970.8274492098
331,56535.2012270579
170,142527.8163875845
2192,73581.944553399
2571,292746.57455171354
2314,167751.28552817195
2647,85890.34790933011
422,364505.8344813115
2457,318826.9974009956
1838,210518.20433854265
2805,252244.12558771396
1645,172927.8141418807
1711,294120.312753882
2825,246890.51032359398
322,315874.79302012466
2103,283285.0284206016
342,125732.06887600149
600,93467.82226317297
488,196252.50666002446
1725,308343.0234147015
2246,269943.4233677086
2847,169213.29234905215
806,245455.29972717195
530,231918.33940012704
963,187877.73254373597
2678,60445.22068637698
171,79682.17706369737
2401,374234.362999495
805,217529.6534015279
2259,270729.2794686136
1748,182157.23985958367
1361,143067.61040869675
1677,148339.3844594964
1406,154738.11128626042
2322,223141.56030360798
688,194409.56009175978
143,134637.46072111803
804,209936.66979466053
1214,182170.35777196768
2828,171891.1101094879
1999,206197.6738781789
2467,205512.83574653667
2665,179624.70477332492
1538,346445.6593330528
398,102541.49309615193
2822,133067.34999899374
2157,161483.23682114677
1856,169975.16361120707
1269,102825.70908833435
2570,115075.24436670518
2320,249617.77924138177
1517,129743.83760032197
2304,114261.15798240017
1312,100708.7728125487
2012,136629.10706740757
506,212866.83510351036
2865,185299.40100573728
2367,136653.4923954935
554,111159.1063998963
238,129858.22087426644
1954,104835.57530119836
2488,166600.1835063855
2291,91305.01471819718
1969,92341.72214558783
2725,165728.07354928882
1482,161161.3746409324
2763,227346.48034038517
503,243710.3013138913
1584,242486.69091637337
1531,154576.77798337542
2210,189088.42030959972
459,309286.90235577076
556,138281.21542121656
1347,154091.85916563994
1290,77020.05666035935
1388,97164.64601902504
1571,175588.85808747183
2754,211381.86249531165
765,127232.26496730436
2494,117253.83778290822
2870,188891.487031707
7,228655.02542977696
1114,244008.6116620252
2418,284594.7930378612
291,126023.64243314738
18,327121.79762658325
39,324326.99219985376
1001,257287.81103942287
2442,247103.60042171172
616,118318.6750820246
2680,46127.59476283236
1414,111138.54815057955
289,126330.01087756186
40,274583.24481179146
860,125925.05618248461
409,141508.67450011216
673,159208.17802589908
2427,193326.99316565573
2036,207054.27300849464
2564,141043.1245581691
642,210360.8536906839
1008,187486.21840587695
1908,170027.74768422308
2519,211195.15917185927
1369,103669.83790040368
2855,166188.21886648808
712,80881.95465398427
1943,97092.69799509567
1958,137664.47734949904
107,175404.40333616617
2295,190360.6494432646
704,95862.60678869781
676,115558.15920544467
259,189245.52371827702
93,282333.4862026002
106,239220.25859804288
2315,185769.12282317487
1050,108407.81261551847
1095,194498.3850764655
2709,146242.5447093404
758,177869.44139009085
1496,167751.46736391913
2370,147578.57781939165
2458,271137.012039532
2733,122633.29071807751
161,289141.9445705592
726,173368.9900896201
845,218105.14707931312
947,259286.82374791708
2232,118948.19544898675
2563,143602.8905576017
2299,149946.78766572013
211,95571.59039528329
605,195425.97072801617
1478,221205.45247141243
2247,271556.1899700897
2274,200136.09557989842
2869,197128.3801853818
967,226853.77653943194
2656,100079.0632646713
667,257161.3907561191
1042,139258.50855011743
2023,165097.73423363085
2447,368681.8737005694
2055,124723.31757167357
2275,279233.2481238482
2204,169081.75063953726
1563,257999.54769313923
483,219620.00641886424
796,129200.52341006743
1526,146629.13176599712
2042,173801.60556439636
442,313395.5941740434
1693,295581.1415285621
1468,214916.73367848358
1430,181592.50004979633
2605,184901.2896980903
1529,182264.2997010453
335,135936.43242495388
1287,145440.29174841935
31,127481.05863548137
1785,263560.90019776404
82,171707.52705856872
2620,116330.95509641765
252,216180.8003992099
721,45908.26865567893
2165,188808.89074769884
2316,172951.17730260026
775,128401.61071474609
1558,96432.78751352457
17,226408.2944729894
1022,237783.7524796581
925,104290.37288025602
438,286725.9959098631
1270,141870.2726406643
1272,115416.06172905234
215,128581.11724588605
266,229493.9479063301
2402,263035.8012141122
1250,125048.9589474629
1984,144158.4946226118
1279,148056.82942777587
377,264765.8701162372
1252,145503.35709119926
2156,272042.7252527084
499,329280.3505967419
1374,102819.56126145154
2898,256783.24015992176
401,103141.90435546867
2721,186588.51049381198
2078,248228.35219146858
2589,113503.98449459634
1946,244472.38864594992
1334,131440.9757122547
2781,245421.5320784181
431,352264.75353853893
576,211093.95661466653
1474,218306.66735742695
2254,155769.3505997775
2155,291499.5560137563
885,105248.49274728999
643,135612.0105971541
1944,130972.2309994515
480,202087.6351344954
2845,100778.8879601288
2387,295129.51312122535
2407,215174.76557760613
2527,175914.61806010586
2514,169833.16410398486
629,189409.21514422717
80,211960.06707778646
1876,135303.48708416324
1546,137864.09278879364
2518,170906.08272885697
2347,168944.89002151394
783,171047.31018883572
1322,45618.92477243036
194,60128.077494479716
1770,293106.6637643962
2143,133448.64058067976
1229,218173.22138294074
511,284760.9566449713
46,218460.65994220015
1348,179259.40106534713
2465,203686.3902310222
387,237850.69691927527
873,219914.44028825645
1918,112768.16063812342
2764,232951.17251684322
2184,126683.09750651379
934,154248.0760742218
1920,128396.85719590329
2631,160317.42586793395
1768,487409.8417358862
2040,119885.20410269796
1749,218872.9563902426
834,216585.13556850786
1457,253086.76849428663
79,125132.36812275166
2302,109923.73253026007
1817,128173.37800784565
2755,257783.9517015103
359,168487.90961931026
2059,111070.91877210845
2092,250738.1250267852
2516,246422.3077683638
150,109720.78026395418
1656,153196.7131978336
83,101191.23781149523
2411,185915.24222680958
795,65538.70701131583
2312,248772.11119589966
2917,74457.30375955738
1624,189894.50093715757
2215,294395.65220135474
1211,147391.44917879667
1485,162043.5492352665
1024,186764.16626595057
570,204473.76421930495
2874,140124.6882356226
700,164766.4971604732
2756,227801.56452106527
2022,192286.40882375193
583,225490.0302297506
2392,305319.1827190649
2424,211837.83892090208
212,108109.9320909723
736,127589.10479309625
1610,176408.49459787615
890,113998.24454198922
467,173866.39642021927
578,259800.0359468073
1747,185814.0820676137
1149,173207.46025356115
2758,230242.11336639107
857,127241.6536464218
2219,264740.27861588914
733,110709.64174531728
2909,118820.14016590427
1798,270381.39580502536
235,107453.44560567608
2366,146597.98947690372
1027,133452.19671498385
1195,138332.36759234354
1303,1559.132552119554
148,197950.50507660996
608,155519.24594129002
2515,192700.55757987875
821,280504.3228497757
2500,277787.3371585017
745,117074.39455105309
741,141339.27484878298
1611,123699.69257027516
2532,111185.18688219064
1081,232650.93944771364
1692,368264.18688641634
2520,195681.69811792736
276,119761.52609465114
1992,129446.9331853136
663,-2439.6989632074547
418,148559.97882377048
1733,189769.63083451745
2359,159330.03778632224
253,210092.20314729848
1518,163501.09061769902
2035,139240.54789280856
2919,73280.06148262862
1540,222402.93007529358
2120,153529.36611859855
1674,188197.95580197
256,154504.5905608802
2361,87818.54791862215
978,69756.86438809254
2280,170147.97739162185
2095,233456.7555312533
1709,304564.73295271106
2801,234198.26068158948
1246,95871.9719314208
2373,132323.2121141772
1055,278923.0601934085
2017,116083.87780587115
1099,309318.54699739
1344,90267.51738085298
835,176696.91678873487
1117,230002.08015027203
2043,71728.39221577403
2085,128282.90351253905
410,162879.8289130679
2650,123759.09556654195
2867,164967.3249893273
1668,114246.19403127358
1161,186658.7987995448
2122,174215.82631484242
2539,141001.42518814877
1047,150762.32282971253
1445,118443.53341579554
541,132602.51848639207
569,235456.1170530112
1276,127243.93055646922
918,147305.60043077127
326,173677.9490798455
1936,120214.80399349172
895,83351.34714626397
257,143774.39507126677
1241,189309.24747765687
1545,128201.18700825115
1189,182785.31546674564
270,162043.5492352665
2066,213734.12860381912
693,114978.37188255433
1259,175361.54784479414
2916,154221.85207774557
2321,285013.6309989154
1977,98137.94159211875
1895,167062.6033992929
1240,160234.80228433583
85,151073.81705581024
1823,114874.75488445097
825,283986.1453374479
110,222558.54690635158
697,126740.92401140605
2297,87998.59207893795
1231,139936.63118840428
1355,134810.2986876155
968,324504.03058587556
584,221954.51424678758
1315,117549.84395119786
1606,140275.99078911933
206,111916.84199018052
1685,313445.94374954724
2016,134278.5221000093
869,221139.4405107736
2135,121846.5585941372
2346,172274.9123455311
2430,232514.5830552423
2198,81014.02771506764
2652,120142.1299669683
27,102412.37729007643
241,181724.26609699996
906,111956.12242925256
1506,98811.51993593006
2098,330575.87524242763
1435,219038.72515230623
2213,113901.21919625097
1274,140376.319766465
743,6786.4537137209845
1737,207701.93545576415
2797,276762.63500736956
2185,67908.03312830071
58,182788.7240882949
830,209661.5191133399
808,144117.80952289607
680,162616.98536680185
1153,108608.82140393944
1291,149957.74336198388
1818,192537.76380507383
2161,198566.3156946862
1883,130520.92034708924
350,317654.6728851516
2473,154029.10390752179
295,199186.78595325307
293,202409.39978484754
859,109884.9605759862
288,46276.14482469467
1578,146561.04853225008
102,220560.65175857692
2831,193366.0588962428
1030,185199.19835820838
2551,134581.85729037912
1286,144808.0141697123
958,292293.7228232083
776,126800.67387899377
72,201322.76087035093
2263,263665.179750849
1866,152582.3489576305
2876,52624.70662939742
2146,272675.4087160573
103,187638.2061343717
1500,171432.93385070955
492,186359.5919359244
167,137140.7333887291
2597,113687.35084410878
2685,102183.96220487282
1035,151513.44900132832
1220,34122.23018590853
2602,141497.33383224517
2159,216881.855698245
695,158211.5860724721
1109,253170.1179356479
640,201304.77245882203
1652,161547.05043665477
2090,192190.40389435473
1188,205953.99136705953
2345,236830.30867921526
1059,355687.51661282254
2751,249275.5972292102
128,223448.7617120239
1523,165873.5915757869
2925,157332.08667633292
2145,307329.5524287749
1121,235324.6978950118
566,297247.11872710625
565,222763.44865070414
1331,130859.58262259455
2928,113259.29057079702
156,149471.590208495
797,158306.18793484892
327,89503.78094024696
2859,139879.78687373124
1453,103757.20825223732
1762,332429.0990324933
1868,209335.2185379328
1760,186856.2853416316
1113,265280.65782157186
1812,191321.4474237198
117,171169.85972965413
1142,220173.31359266996
2342,327248.5771470325
927,119973.30579653797
2478,200816.82521824195
655,58461.72890522273
2064,109333.37652972121
369,222976.10399043484
2239,119762.12812763869
2732,211497.55541264045
1653,168589.20699763362
959,215975.98963014001
2395,301288.63905779755
1412,95701.31928538765
271,259861.8594477815
1484,163487.10766235867
1497,140692.64376280503
552,176162.81868767308
2,117332.82414359986
1855,294065.56006519566
4,248098.64587239077
2292,158194.44962012497
134,135767.6723199898
646,107411.6851778547
42,313181.0825838915
532,228051.95166988316
713,92836.96756578413
2561,126231.62526599562
2360,124997.97980417556
1333,124841.96396907471
1407,193857.2458346008
2892,265066.8827316656
574,249088.15905419533
1227,187076.7193219693
2591,237239.85385432868
1476,226694.91879083434
1125,282919.432983245
1446,124718.2576842902
408,124189.79598865053
1101,287743.08652803785
2251,191396.10266102268
373,207658.70354781253
2554,106358.05880740607
2382,276370.21377305174
1985,69860.11820258698
519,233352.83188832758
1093,206137.86028749414
864,266451.2729812093
2889,156893.56652819892
2308,213328.20643138394
986,153435.63828346957
1302,153209.81807190675
585,158977.51035543342
2708,152261.58280965564
147,131608.73945071612
1441,224701.21407641465
383,165752.5432035634
285,171213.9444446698
181,116608.40543557834
358,167609.54722373985
780,189386.26424150445
258,206334.90866576484
1865,236560.56936115422
692,141652.9337598023
2902,305831.47509286454
508,287937.5300286375
2638,151701.39423778243
36,161641.34728848006
611,184159.62078898144
2281,114599.94514579077
1678,147537.4075555563
1696,380650.82605068444
1557,80214.09267906878
2180,154421.79767850527
1726,236661.60881775036
951,136856.3043828106
267,232603.37433605047
2706,138090.32752529572
2221,214380.34277329984
1357,176667.5851044139
2901,294009.0532683417
347,193825.1812204572
2164,199945.5344908854
1586,295982.56624642736
360,171164.109049942
1769,226232.71937626624
2617,170984.40412537154
1879,170102.689568642
991,217215.69807665798
1535,114986.0010503265
1191,169100.6268995115
1579,218847.90530064362
1882,142382.40249982284
1510,117651.55788693205
2196,160379.75520442156
1845,194656.79776131173
2336,341745.41614044557
942,91370.71117809444
861,115861.0805740637
2555,88687.42416628293
1392,140018.0231902438
2099,283285.0284206016
1543,139385.3998559821
948,260517.84472205237
1239,156847.13778318072
22,180195.7290154785
2796,261980.06771245785
2747,175714.48837953393
92,297459.5785030468
210,159619.833224721
1858,221101.05050889682
2228,199737.10714357265
447,239729.69273133477
827,242832.11902640093
1649,228688.69331454375
682,134955.64510153185
2698,119803.65649671099
494,182488.77232683983
214,96646.0907186903
2441,248223.40067482993
2679,102365.89164380613
1336,124342.69417660571
465,191269.86890904792
1524,124874.06420603578
2543,115901.68862521999
631,127513.4938371925
2452,307920.2463914722
228,165596.90819760703
126,169643.44356326282
1092,219058.72382203775
1122,214570.65224885335
932,219877.13282735087
1980,86029.75717533546
2171,98792.10126842638
551,164795.30596025533
2768,172690.70131905255
2056,110003.31943194768
1159,349224.30991185363
2645,127036.87125618526
1174,194892.2520248564
2266,214045.8392136277
2462,338306.20944954
1219,135376.86895909457
2922,205561.79162838092
118,152264.0321884581
474,192148.5920614294
2576,167897.8648200108
872,272541.49565856945
1077,239244.79192309376
1536,137804.48285170473
1150,115218.2238190923
2341,289949.8784119863
1931,136495.11648530338
2785,115283.3894135522
2538,118637.0687011621
597,227610.87958899315
464,206039.1848228937
233,216834.50344376473
2169,120373.9414235568
2123,164434.01843841962
1867,179603.19485039334
137,273083.35829345987
515,225316.3013083416
933,139084.94035812045
2784,181184.59487944102
972,185885.51039203524
599,167023.2452915587
2614,128000.70272247329
2582,133947.8324431423
1409,156363.2626202336
175,78201.60506132452
352,234209.8504393002
976,81852.17857639128
2134,210641.37333692884
984,99288.7620661335
2396,305458.7332342036
1673,163656.76804956482
404,149287.82636101806
607,173837.7335737323
814,171067.21631305708
868,210050.350320178
2271,207144.11403893278
1633,228012.08429146954
337,195873.6532182757
2765,187885.8797242065
1746,233572.64520602388
368,320058.3120354223
2806,213674.99147279968
1662,187147.38390931222
1234,216659.0337375695
1373,129979.03253747264
1672,101699.69876573271
1939,105964.27654785581
