Id,SalePrice
2658,174849.36932747666
2718,196701.05518913933
2414,185141.46373006876
1989,125479.52812868831
625,190623.68047906284
333,76820.05754932712
1327,94185.79552259104
858,128819.73889506236
95,202648.40004910785
1568,172625.60957689257
2482,168915.4371729659
1364,149716.7887722976
2584,176356.37237423618
818,281944.44776064926
2673,165780.01029441616
2089,137868.52001252124
1297,178554.89745990897
790,118999.41406910782
2616,207878.5531529734
720,224669.36175253952
222,115718.29828869808
557,127341.222664598
1148,197005.1955185677
2766,153901.82120434556
534,195349.80807862966
1452,105624.27594664588
630,126822.01959777749
2648,140186.94771961635
125,163021.2544873707
1904,15118.849001948562
1670,91696.39735742609
756,107428.35716293365
717,276289.86521211616
1032,137916.6990784897
852,224273.3756964993
1731,184987.90472225827
2639,110898.4459821308
2071,101741.1731699935
1267,119367.62768730725
1851,208125.88043217594
567,155696.42078466408
2439,208079.76728020387
1898,154152.7642819032
647,139404.43604215162
2256,229087.17026805342
979,74985.15549771264
1444,216652.30574481073
2485,110488.42892385094
157,108851.85733856272
88,115714.14856171128
2003,114137.80549368722
186,261352.05780872627
1425,273786.4661391938
2695,119576.75938296746
738,132639.62860414188
395,152947.29773283555
1353,195911.27377320296
1878,141866.0961104278
390,193118.93153059552
1456,231106.89955651865
1103,317015.29443945247
1387,134059.1827860748
2070,139426.12313058507
1199,196308.11180351686
2479,170365.42039704637
501,322614.31395369506
2362,59455.2773428323
1718,185752.92356327298
2188,28887.175288602986
1483,146956.78872321793
2557,92269.92051634361
437,289129.3178537475
2224,211580.5991209966
1628,190967.03695636586
397,125149.82226024647
587,216133.1716916667
2182,508339.3181945129
971,176768.45793293393
2611,157296.59232090175
1887,104804.07871257854
2399,330755.33607774077
2148,215783.2374886638
304,144624.69167709464
1997,117341.9153654954
2817,114362.32188093304
1431,171642.87767780543
427,326749.55612358643
263,119547.5157034095
598,198415.6530702723
2895,280871.53859185264
687,175546.94515683624
1822,111485.58660539941
2191,96851.38680911492
179,139465.27049329152
1009,219276.7929839599
2010,113550.21402714352
1991,160695.7442065987
1411,147145.10851083617
1721,250889.91213123518
1144,178472.21149907238
593,224152.6448489402
575,275645.9143534743
1249,224451.12558454834
1604,106470.83532694471
1064,398795.8670551993
1923,155169.6107013492
1988,85008.62811860695
2325,165998.2539703946
114,203651.5543323746
2700,218552.8172500035
217,128723.003978772
343,204054.08910204447
386,241201.64580252225
2005,117728.13248458577
2908,103088.12614882516
1814,213256.93786491314
2446,455657.9420835961
208,166032.63967796497
1679,140953.15320424395
822,314239.2908660726
6,174307.18078426534
1781,381117.1458980247
2397,295339.2248072286
2340,288015.2031997789
1618,161810.0689276103
2843,135129.25616356885
1061,332390.2721213555
2786,103408.66051577395
1935,111248.58294390258
1341,109235.80188358997
521,295778.7799274117
2136,132230.36039888492
996,175227.80092683382
227,134815.24113117773
135,156261.58159918519
1167,174782.42543299205
294,226791.5127913354
1776,208159.31987401535
540,188487.51685548114
1717,185752.92356327298
2303,99410.59339543615
116,184541.54679011542
127,115867.43280563719
1371,144265.13050827663
1014,184411.9813588424
1507,96589.93292638953
702,175506.56394492078
750,186648.79934414843
261,149070.7550324355
1559,62805.49186819984
577,228546.94765341352
2812,203885.7134823419
2080,160912.0759412719
1368,128608.79637540044
2376,105784.06901609461
659,96996.13194197876
1235,124501.85729888693
332,58357.29599546813
1917,134119.67249646215
2094,237827.82821139356
1460,283337.2241061578
1471,197386.96511964512
1509,110832.30921125063
1922,115108.17409981092
433,404041.6349755378
460,283594.38979477604
1116,280369.0218013307
1137,163462.03463533334
53,188177.00468425697
2354,227428.7977480534
1475,210693.3461880855
1761,443303.1584106377
842,126931.16665666201
2739,172255.8054474551
2509,172904.7367329278
1007,211577.0465249754
2610,180005.69667679357
1952,89500.93564061332
2719,200062.88577914302
2921,76820.05754932712
1966,129596.73344900616
292,114411.89127327665
1204,232567.799186553
1829,238083.8085874904
2419,187724.78627053695
391,185114.61710980366
798,137192.52578763358
481,188292.6394683596
193,206335.57359366602
555,123501.81167353858
899,75506.66959466622
2357,199757.84049118392
328,107541.66495273734
1356,126268.52304573881
1154,102993.23262248546
1730,162149.69316870614
2249,146463.7405483747
1119,270347.8904511475
2856,128918.1224558723
1394,134885.99516270234
2587,144220.89410783575
61,306942.62157474604
2661,224073.86504066078
2711,134714.7041708103
1147,180875.47500210465
757,147954.53608346876
2623,103127.72344273934
2378,165650.5883753581
1413,144725.92160180653
1722,236868.39399261953
1112,202865.77589553013
1623,177334.70021408447
1201,197918.38022341125
1513,93361.42753701805
957,248985.41351752216
1171,277829.059390126
1145,201965.35598115379
2726,239222.09160754806
703,165781.7614103504
760,61698.71870424625
1964,114952.53075734904
2512,197385.41863864637
159,157792.9455412231
1281,198818.35802661104
468,162106.09257739692
290,140310.7122903635
665,120752.95580168735
1463,265418.90906838165
1792,225627.69214031473
923,131053.70125323467
500,298959.88249331305
1408,128029.9154021919
331,44411.02350746823
170,154389.96555123597
2192,74368.22803229847
2571,301704.34463165735
2314,160416.66648679023
2647,99596.42176697601
422,368563.9983139954
2457,306253.9749833378
1838,202225.55942938337
2805,246801.9975060218
1645,173197.86036191095
1711,290206.7167996326
2825,232114.96533112804
322,314476.62873282563
2103,282948.1050914917
342,137030.31108306014
600,92663.26651597308
488,183338.8931933372
1725,307493.6501004788
2246,267012.7622325602
2847,162799.70056214617
806,244733.77312437777
530,220541.25796743546
963,184967.18039824773
2678,58836.53171671732
171,67521.8535685894
2401,371440.7269564066
805,213009.53149183735
2259,291874.44582047284
1748,182309.87923721463
1361,150205.04733259612
1677,146922.51529651557
1406,168811.28873424855
2322,210496.89423225046
688,199697.4776046556
143,133308.98071642622
804,211432.8855553561
1214,188454.39869018627
2828,162521.41186139852
1999,209314.80264709308
2467,197958.36694855476
2665,208103.5944730136
1538,377780.7227895381
398,96915.17783169984
2822,126488.10154495048
2157,147965.494587369
1856,159834.75539463962
1269,128681.07421851397
2570,120759.08486924393
2320,249741.47273673338
1517,154576.72806707502
2304,92134.85361956886
1312,104867.32120305693
2012,155045.0630803195
506,208737.73048056825
2865,203461.836339999
2367,138346.85864096828
554,134209.75463653464
238,132546.70922378346
1954,105654.96377471817
2488,188126.90972328652
2291,76820.05754932712
1969,107849.0861457169
2725,159749.2453486179
1482,146956.78872321793
2763,222047.3127941722
503,238526.91593412205
1584,242126.7107531909
1531,172777.16895582218
2210,206984.08531718206
459,307222.94541579514
556,133119.8937619977
1347,171797.85903949646
1290,89632.00746529459
1388,94246.32784207608
1571,177934.09278386337
2754,205183.83465813432
765,123007.68690428944
2494,114658.41145045767
2870,189213.93825463654
7,230343.07464563963
1114,237406.1860757728
2418,279266.3500942268
291,127224.06401579661
18,320341.59147879295
39,324218.80107643106
1001,249329.95495197846
2442,237195.5141108068
616,128268.77048676959
2680,55748.87950014917
1414,127624.23034368156
289,140368.89207309982
40,273625.7863426574
860,124751.02292202521
409,150302.4570758235
673,148775.08605240614
2427,188082.91094921902
2036,196067.88101129606
2564,137225.14126372314
642,215908.0027235828
1008,181544.97625838232
1908,182187.8909639184
2519,218312.06379760604
1369,115012.38525924581
2855,185568.69139174517
712,98623.22452402531
1943,90084.49070914171
1958,150191.34530425578
107,188817.40825195808
2295,178842.74159427668
704,103777.9826244039
676,123038.82900153587
259,179441.0307994273
93,284933.1750803193
106,237898.04019528814
2315,175454.279626688
1050,107276.03515953515
1095,187367.6922225657
2709,146851.97926354117
758,184161.7010194161
1496,155866.39155481895
2370,146747.0881897067
2458,267170.8729537466
2733,126490.62522629759
161,293351.73983048263
726,178650.07897447504
845,214362.0596376729
947,257441.10979774955
2232,114055.36761336547
2563,155105.13072011998
2299,141559.15836870935
211,108309.37037109694
605,207488.96656848135
1478,220088.1222939685
2247,268852.233063795
2274,201635.7461306618
2869,197135.9521057884
967,218066.2331514802
2656,70732.69194672888
667,261477.09278711164
1042,142007.32473224826
2023,185230.4300569606
2447,369305.7411590892
2055,130005.62606598207
2275,276691.7546775382
2204,172480.95510876225
1563,254835.19407272077
483,212537.44729990442
796,123230.70485472833
1526,159367.87022174528
2042,193767.25805674872
442,316719.6355829215
1693,287790.0919960551
1468,210314.75002061657
1430,195431.9641691543
2605,204490.89266680175
1529,197718.8571935452
335,133907.12360195638
1287,134775.56569421914
31,123964.03742771616
1785,255533.86088040163
82,176760.37664496282
2620,113924.68929355944
252,211958.96333883167
721,56683.96742579155
2165,174744.48793914798
2316,164381.312346322
775,121544.75863512757
1558,105694.89481645788
17,234189.93353880395
1022,242049.3232186819
925,115642.17802337359
438,286162.5628421688
1270,151693.94070854996
1272,114544.79123885132
215,150727.8190732602
266,221671.58576130378
2402,259675.97222249024
1250,136886.62781608928
1984,136933.91188751833
1279,149305.99129583038
377,264219.144211684
1252,165085.96197400166
2156,271919.91740112065
499,328515.47237317014
1374,116247.2863988748
2898,249924.79111018655
401,96915.17783169984
2721,185494.73069153063
2078,264913.3300583531
2589,116492.93374410589
1946,248549.2584126196
1334,136716.21848638
2781,242888.06030602986
431,358341.7196165929
576,217718.2116725259
1474,211415.02093744738
2254,161708.1439013925
2155,299288.35080640565
885,114106.25159228075
643,145319.0025438293
1944,123854.18356599487
480,194429.13417296356
2845,98317.2725288602
2387,298392.34737781825
2407,207680.78547950467
2527,189129.70286263432
2514,168657.3031619587
629,191278.5307110445
80,205668.11968092318
1876,137979.44985711906
1546,131689.14079362457
2518,168625.92043072707
2347,168579.32671982597
783,149270.16885447415
1322,44424.48860298967
194,68804.33370229547
1770,287852.8453797813
2143,121940.66005184766
1229,216988.79530791444
511,283395.76163651876
46,208858.27010392043
1348,207362.06386233144
2465,196505.65346970654
387,235551.78269964654
873,217238.41237444704
1918,115970.94028112391
2764,235858.398954204
2184,113343.45825846258
934,146870.1089852546
1920,116769.88567296488
2631,165470.69288359734
1768,490561.8749727422
2040,114113.54009960959
1749,207487.71262380452
834,206437.34628294595
1457,242779.86497602396
79,120213.1271705695
2302,99410.59339543615
1817,120767.76408118379
2755,252413.5885836865
359,161543.7914820075
2059,108658.51564765518
2092,256106.06209270953
2516,244896.1537799777
150,117643.9441396654
1656,155810.76083476588
83,118055.50654100964
2411,172435.9583225061
795,77198.72845822724
2312,241497.15167408058
2917,69436.50572761605
1624,187786.12441812002
2215,307832.3504980874
1211,149705.0967735412
1485,147921.63781066678
1024,194958.35729285498
570,186133.84364864795
2874,159479.09358641692
700,179631.17033001716
2756,219094.52971101378
2022,191550.33459246816
583,232295.49812992092
2392,314115.7367046557
2424,204751.87132082967
212,114263.85270619657
736,118797.75362468109
1610,180979.15942092537
890,106050.95731331894
467,160803.9614690518
578,283164.2066093436
1747,185847.43700463872
1149,169320.20651374478
2758,210799.91126130486
857,109017.48199212772
2219,281397.1747176502
733,130917.27370150879
2909,113263.87894799863
1798,268834.54890619597
235,94168.71511700336
2366,140887.82441490758
1027,130242.11675400514
1195,125965.65778850211
1303,-1510.7064648846135
148,208448.3227453513
608,154558.34012098878
2515,189679.1152937691
821,279637.41626061767
2500,276037.1674781381
745,111221.652327586
741,152182.86526630365
1611,148608.04764478636
2532,116228.21978448643
1081,230017.29666575865
1692,365154.31521865237
2520,205181.33347638918
276,139505.558608197
1992,123128.68377427547
663,-7685.4315858812915
418,153585.3675044961
1733,176000.00111240067
2359,168350.48515051237
253,202314.46721162414
1518,156684.9959249567
2035,152991.88010451925
2919,58357.29599546813
1540,228427.90805579885
2120,138285.91150483812
1674,177768.17826726713
256,158171.4126748003
2361,78106.22636676714
978,62873.78506132722
2280,151735.92231646308
2095,238036.25292493898
1709,300176.39121461567
2801,225477.2990623623
1246,105215.20558129583
2373,134309.6122135988
1055,279431.4763811597
2017,131186.388081509
1099,310640.76533921965
1344,95420.82572907195
835,176478.66496822692
1117,221514.11676105543
2043,83293.05531281981
2085,122435.64760852675
410,166697.28021449194
2650,147386.5691734813
2867,180376.2693784822
1668,108806.2955599032
1161,182068.6377615158
2122,169074.61916323175
2539,137519.37550272778
1047,157626.63328514548
1445,108983.82447746943
541,101372.55334303805
569,217446.63381661108
1276,143192.95647633434
918,156776.68140334086
326,159262.90447708318
1936,106187.37457256293
895,80282.78884450233
257,128743.47653106565
1241,197078.1957498811
1545,128843.67288287036
1189,179459.37497439748
270,147921.63781066678
2066,228569.89839808643
693,124783.74782677999
1259,202866.52966357354
2916,146306.43721802082
2321,273529.3808831131
1977,110233.68941423658
1895,171314.16183578683
1240,168211.10361662146
85,141141.87876277286
1823,112699.16389632178
825,276764.54328726913
110,215963.72799681115
697,132481.3674491895
2297,80389.77825687238
1231,142226.3021974031
1355,128382.67955944379
968,328869.7046563592
584,236726.16207794793
1315,109611.55830885039
1606,127082.00658385656
206,116696.30925164442
1685,317171.90543897
2016,126004.19854606458
869,213272.75010484154
2135,119211.98434484538
2346,176826.07400521392
2430,228827.0691387714
2198,95413.42158932373
2652,128275.08271936941
27,96337.3135353841
241,167754.66353912215
906,119403.61968506154
1506,83172.0099497136
2098,328990.1225771131
1435,216343.93870051607
2213,139733.76975906297
1274,163721.58864530938
743,5577.265874242294
1737,199010.42721842695
2797,276323.10445609153
2185,86310.15624581755
58,185217.42881234287
830,203650.53930838738
808,162310.92469703805
680,147107.4272759801
1153,105816.61314370859
1291,146137.94687518873
1818,215963.3024702461
2161,191031.01020285342
1883,134116.7207969698
350,307844.47903847473
2473,127519.75624389283
295,193531.24607810902
293,213733.24547085166
859,105139.61007114264
288,50311.224858029396
1578,133275.68991127083
102,214788.4003823864
2831,177587.7824025076
1030,188775.71174096194
2551,132536.5095534415
1286,154531.42695953522
958,297031.8949833714
776,120015.01420088034
72,187000.54871448147
2263,262634.17731663055
1866,158027.13726651814
2876,63114.93844981084
2146,267153.99469969206
103,185263.1179348383
1500,162433.69830799408
492,176042.27551233553
167,139276.60296996147
2597,102678.69152480029
2685,115272.6853663316
1035,155487.21749967683
1220,43821.44308308838
2602,170512.67788094154
2159,206381.20042236766
695,181904.93568605772
1109,247671.35895940883
640,209307.13441408845
1652,169696.6250843032
2090,188191.02251949417
1188,202552.13368225918
2345,242274.65412024397
1059,350886.253749116
2751,241382.6261192846
128,218573.48411100882
1523,186085.36816158582
2925,145694.74505505408
2145,303968.1060685108
1121,232794.22995369788
566,278755.6465653765
565,215794.85820916347
1331,143266.5919925836
2928,91870.91934175545
156,138172.88401228838
797,142179.82034845583
327,76820.05754932712
2859,156260.76835651646
1453,100081.65611256441
1762,330019.83603316615
1868,220945.6509126093
1760,175571.74997992365
1113,265179.13214698277
1812,181719.8167578302
117,172168.66257343255
1142,213865.22284035792
2342,330877.91491102084
927,123303.7228331572
2478,189748.01820546854
655,51307.16038121219
2064,107510.58460943392
369,213426.05953944998
2239,138892.09083716525
2732,206320.85906510113
1653,170954.86741383054
959,205404.8425663761
2395,294772.98731879774
1412,84876.66097970022
271,256847.64209273527
1484,149500.4817719467
1497,110271.40055677624
552,189419.8637023355
2,120821.7288077405
1855,297952.54988719017
4,254179.76857703656
2292,158749.9863527862
134,137314.14230664747
646,109542.28427093025
42,319779.9003219008
532,219711.77380460658
713,78804.18639433247
2561,132673.3008796143
2360,119097.65753113257
1333,113127.78478924607
1407,209917.57861517655
2892,258885.684323576
574,250371.0807112269
1227,184104.1377987989
2591,265527.1317850664
1476,220057.22370618826
1125,281021.2267927687
1446,124267.9650042287
408,124719.63671091615
1101,287898.79233221425
2251,177025.78716069722
373,217984.93766427028
2554,114700.43458131322
2382,277871.4357346406
1985,83904.28491516245
519,230878.58716809785
1093,194519.6270920463
864,260630.1640387128
2889,157658.38453893358
2308,218707.35657159856
986,134333.12534442998
1302,164522.9928007836
585,159277.36322304112
2708,141063.93511782846
147,130796.86373529909
1441,218152.66261615092
383,165149.047414064
285,156080.0594398748
181,123879.5321551692
358,162447.11992704426
780,200764.12069213542
258,202055.36364835565
1865,243169.91561287775
692,137190.3576793171
2902,303872.13656966126
508,286553.95554749813
2638,152987.91249008995
36,164958.2085532106
611,192734.83583155664
2281,111020.8534152206
1678,146045.37976247116
1696,376149.67734309915
1557,75921.09328727686
2180,136250.7027581425
1726,236030.2896574476
951,134706.12048179412
267,224889.97850824724
2706,129280.94046078622
2221,212251.94430808426
1357,184195.44636535615
2901,293199.9335559871
347,198915.3477229025
2164,195413.54818196635
1586,291940.716539536
360,167238.01022952714
1769,218623.27999610326
2617,213310.42265244707
1879,168160.09126314364
991,230585.5030940686
1535,121491.26915480793
1191,170811.25128978532
1579,212781.88639125478
1882,135086.64514893267
1510,114885.2073440624
2196,161482.95385782068
1845,186456.9226327521
2336,346174.97161740076
942,103571.37320381895
861,100813.08888784863
2555,89309.61743736622
1392,139938.9864751499
2099,282948.1050914917
1543,138475.36917861504
948,240921.94146926544
1239,149904.08487933583
22,196113.27685877058
2796,258676.7187692008
2747,175183.7940386788
92,300691.4163536483
210,165376.14962672524
1858,225282.93019114865
2228,204991.07114281988
447,230038.89142069366
827,233463.72301285807
1649,239365.98263611796
682,134958.56995276
2698,137044.55089247142
494,185563.61872341658
214,98621.59052380148
2441,244301.72355463216
2679,118980.45606262458
1336,120417.7512872635
465,184405.95852910704
1524,141556.33431687678
2543,123602.3716250016
631,129007.33335966166
2452,308790.4861297718
228,171301.65354552283
126,150043.88289833118
1092,210963.395385627
1122,205726.22725821496
932,234140.86785731994
1980,89938.88663897879
2171,91807.86096431629
551,165253.1565818971
2768,181514.14921156917
2056,108711.59074568242
1159,348645.0873757144
2645,144220.25287550304
1174,193182.7610647154
2266,213102.44918102556
2462,340657.98959676875
1219,119337.63137034819
2922,205748.75036329194
118,150788.7459682286
474,186660.6747098553
2576,170493.02716952912
872,267825.01458161086
1077,238095.12944165233
1536,149210.47285364085
1150,114650.11199648402
2341,287635.6419260513
1931,124205.60723039974
2785,110884.33034057103
2538,114916.73221697364
597,234028.11940172553
464,199121.16883844824
233,208229.31970208173
2169,118587.69848848283
2123,155318.25549147237
1867,182339.27736687113
137,275036.49524734705
515,213513.06729937578
933,138129.17926754133
2784,193668.85314714315
972,179599.2519550519
599,176228.67059473565
2614,137512.49551328138
2582,127984.21782523941
1409,180545.4575577532
175,84072.3262812878
352,236568.9221427673
976,62873.78506132722
2134,203603.13597480115
984,82831.17032664636
2396,308278.3229311975
1673,157776.05237638118
404,145799.78340555623
607,162261.24897843486
814,156979.1077504925
868,202939.10577621014
2271,198909.71310007636
1633,227503.47697450966
337,195481.59579107992
2765,191954.8309712769
1746,228209.87943083927
368,314694.7020646508
2806,207467.83536609326
1662,188583.39439169405
1234,210855.54102015932
1373,127482.00481373753
1672,95253.4662585459
1939,110964.79534538052
