Id,SalePrice
2658,166970.48771741404
2718,178306.08100382925
2414,216841.9828420917
1989,108808.1204381315
625,179335.37300652533
333,89378.8156344539
1327,93322.99266489502
858,129797.98552542587
95,215460.9650912308
1568,167095.2214880056
2482,166356.2008656012
1364,127366.39419832244
2584,163497.6486436585
818,284191.5953602495
2673,161454.9771028374
2089,129919.885762371
1297,177848.95972232334
790,118016.66662046302
2616,186137.4206669319
720,207398.7313423031
222,116954.32401798037
557,129366.91873116442
1148,188009.57117505255
2766,167956.11779379135
534,202827.7167546656
1452,112207.36169418006
630,115742.22454774822
2648,115430.5440968204
125,157835.87661013077
1904,24165.334542985074
1670,103426.9477379683
756,96553.05708720861
717,240084.97258394526
1032,135917.16987931659
852,224171.6828951242
1731,213754.78824655875
2639,94364.44796394196
2071,94113.61336021591
1267,114421.9008719672
1851,205668.6464300804
567,174686.84460996452
2439,224415.54519807745
1898,142847.47452451265
647,135750.65589117503
2256,214343.13974971185
979,84159.49122330034
1444,236469.40227922436
2485,112519.69184423366
157,106068.58171914658
88,115127.704617735
2003,108020.26293427416
186,232344.774501701
1425,265929.26308915194
2695,119450.05009531323
738,124258.5747724229
395,148902.62294510647
1353,181947.3682741156
1878,137239.69101264467
390,188760.65030617022
1456,243945.37392227224
1103,301323.7421221025
1387,116901.69032376236
2070,141807.590168842
1199,209248.31019942788
2479,183759.42358292744
501,301880.2502108349
2362,70897.13742743619
1718,186105.43156125036
2188,24662.72460793669
1483,155054.8461741557
2557,80352.44676735671
437,306271.9285832334
2224,215584.41931002785
1628,205150.28960707167
397,128887.02936807321
587,208809.43896929058
2182,513168.7944038736
971,170142.48907709075
2611,153303.99445813906
1887,107065.53574305237
2399,323224.0834959436
2148,212894.42526350205
304,143086.58279547375
1997,113980.98905825836
2817,103781.51919613068
1431,201509.0478944641
427,320004.6633580965
263,121256.24280259083
598,198133.70977710106
2895,273345.76283722953
687,168506.95417426422
1822,111246.65653389774
2191,94661.90458209766
179,135226.5571538806
1009,209363.2450093804
2010,111374.80282275937
1991,158254.90666624822
1411,136473.4857670291
1721,242074.63930385734
1144,198365.17207267112
593,240373.03506105347
575,265908.0280395645
1249,206612.7154624092
1604,114812.83274332574
1064,373462.1052909759
1923,152209.38517324335
1988,80424.30911909707
2325,182315.42991989374
114,214322.11463042872
2700,196754.30376025604
217,118918.61870648596
343,195156.02807355567
386,250933.36366580578
2005,110282.00287781574
2908,130348.77878944715
1814,216834.23584943952
2446,481305.9675416134
208,145623.96342733514
1679,144427.01862190722
822,304730.5087755043
6,189581.6752757855
1781,369294.97832316277
2397,306490.0026905921
2340,277019.3736591465
1618,183289.99307383224
2843,130398.07667476311
1061,339646.9086034354
2786,112115.40883526963
1935,108707.48533488263
1341,107278.21396751038
521,293525.19265821856
2136,130514.97159065609
996,189165.09968524706
227,149055.70100161724
135,158275.17403906374
1167,185701.99082033115
294,223006.43880876363
1776,211199.46614514617
540,201292.62608312746
1717,186103.04313027055
2303,115303.84917305026
116,178206.0480597868
127,111675.39024924685
1371,136373.66437081934
1014,192952.63367482054
1507,98106.50087651517
702,174404.15339487337
750,168779.67847931676
261,169772.77027986757
1559,65925.68686043238
577,221877.6900964731
2812,225884.46025689703
2080,166081.20489362185
1368,111745.80849633855
2376,109857.65706149442
659,88871.3590694468
1235,119241.97268233995
332,73453.09207372437
1917,133770.40692776802
2094,255383.63386382593
1460,302810.63125245017
1471,198532.16520068038
1509,118084.24305388611
1922,112496.40417332866
433,374543.87367519224
460,277764.46382822865
1116,273746.47025815956
1137,178109.39488515106
53,185848.45558322163
2354,249042.05443491705
1475,209339.46587646974
1761,433833.2006555074
842,134712.47195604863
2739,159242.84716286242
2509,189497.84339963214
1007,221914.02524517616
2610,179919.54709713138
1952,77544.14799926407
2719,180506.91055664024
2921,88666.2287743804
1966,124199.90525810164
292,117899.01772271201
1204,233965.77021395275
1829,239780.0333729235
2419,207716.19174727588
391,177185.2216091653
798,140308.18489095883
481,204544.63009620097
193,193692.87424389995
555,121128.56478256814
899,75225.49210628588
2357,209871.15299520514
328,105893.92703844572
1356,115413.59025555034
1154,104515.62269503903
1730,182670.43924210034
2249,147998.7759628446
1119,285100.9808987966
2856,125378.74260482937
1394,145331.10716381937
2587,136845.89045543992
61,313008.6590307681
2661,196670.04260406923
2711,139073.41991124523
1147,197776.8093498398
757,139789.6499473406
2623,93781.01474450435
2378,164479.10517637758
1413,159059.21018968348
1722,232722.32747781393
1112,226477.0291542519
1623,191438.43741447118
1201,206363.73857362173
1513,80818.39554814715
957,466629.18571747304
1171,262929.9856209605
1145,215614.58481029852
2726,231361.2346915087
703,163561.56765924825
760,51643.205964627676
1964,112684.35083074681
2512,209833.59612088872
159,159274.3163214923
1281,200284.56813804538
468,188351.5753684321
290,128696.45179739594
665,109460.72626492882
1463,283283.3067654427
1792,238052.20454553084
923,132884.6826264161
500,307032.4196422044
1408,126178.89505184279
331,53250.11523071467
170,132645.78289970616
2192,79617.83524513955
2571,307161.28862639866
2314,183772.95382161124
2647,86382.2200843587
422,366971.5840321991
2457,305727.0691437102
1838,196933.13228356035
2805,269208.98266584484
1645,171145.21554130164
1711,299920.57927233004
2825,248208.41724238708
322,299915.4284138782
2103,275565.2663124469
342,144669.9314753099
600,90092.51233243721
488,196252.09821813751
1725,294687.01242352556
2246,256648.66460653488
2847,152948.6116687851
806,252783.63271420205
530,241647.3565601498
963,183235.53459971212
2678,57609.20055066806
171,62295.06276623905
2401,375918.5075245395
805,223457.10400470195
2259,270418.4882620473
1748,202347.99042573653
1361,159989.50300197548
1677,154179.65279333782
1406,161360.98796448694
2322,247224.67963189038
688,201922.85831514397
143,125526.17842481995
804,221297.45509269554
1214,177986.49348730594
2828,166331.02706648654
1999,185839.00056657835
2467,218276.28498045367
2665,192808.65528944542
1538,354959.98251897027
398,100129.68335804832
2822,135988.07118367054
2157,155735.16174038453
1856,163127.6411421483
1269,117703.35957720561
2570,116574.05646140035
2320,264864.4651011613
1517,154390.71288707573
2304,109858.8447675592
1312,93475.67059268453
2012,145045.8768339965
506,245424.769977457
2865,200602.39221689152
2367,149537.83458931383
554,121104.31788409129
238,132893.37782405154
1954,108373.08595770504
2488,184770.4568228916
2291,90813.54307851964
1969,108360.59578057274
2725,152540.66980385804
1482,155054.8461741557
2763,243824.8829925846
503,251225.30900329247
1584,240898.87992713426
1531,167264.69622543198
2210,202217.22032537952
459,294248.4971002566
556,133992.34307492152
1347,151649.34376594564
1290,84994.84879554913
1388,97751.7252784709
1571,348760.0239949366
2754,206377.78515624697
765,126532.48405893776
2494,121767.75424860488
2870,196189.6591020514
7,224231.34020030394
1114,233602.96954656718
2418,294045.7693355498
291,147608.79165516654
18,310976.6654087929
39,306875.63279815787
1001,237139.28672733076
2442,253138.10584772518
616,126309.304640405
2680,62425.821471950156
1414,111557.40210159589
289,126943.98691880179
40,272385.8294652307
860,127036.12239419285
409,144821.0674844993
673,146726.1276135035
2427,185264.1553714323
2036,200245.23703930492
2564,139483.2922263596
642,192284.65611815057
1008,201900.87618713535
1908,184931.78898527927
2519,206265.59397320845
1369,102170.48114644806
2855,176428.05288923194
712,90067.97367420001
1943,79425.10893599689
1958,146238.1481870314
107,187285.24335224472
2295,198699.04035675328
704,101033.73786435195
676,124818.44075732736
259,198286.41780079645
93,283812.79070011573
106,249822.40265134198
2315,194106.13372013555
1050,112908.09796168306
1095,212063.04626914568
2709,148023.9977817682
758,167034.35099692468
1496,166993.2835819975
2370,153391.35968155833
2458,261566.43536392192
2733,115374.00040748203
161,281172.40621787333
726,163046.85711536766
845,212802.16674644884
947,266524.0912809089
2232,105406.26990144397
2563,153857.16501702648
2299,155168.14355162915
211,104637.63312292122
605,185685.3271268158
1478,224610.41602081968
2247,258000.85436546197
2274,217471.7489202032
2869,190521.29102709133
967,231934.80702631583
2656,64520.03456066351
667,263092.8246962535
1042,153764.31351671962
2023,176597.4303036054
2447,369799.3540154344
2055,132112.95437331207
2275,270337.2545128744
2204,159146.61226348532
1563,240835.55815123685
483,211362.79245573946
796,123894.64331505122
1526,159427.94481535826
2042,183930.44667417882
442,308495.86701772106
1693,304436.9509847453
1468,223853.71113309148
1430,179285.00016901223
2605,169064.32866029954
1529,187339.38418586948
335,152209.7889696334
1287,130600.23541339033
31,135892.2780138593
1785,245969.0509554802
82,184664.72836028575
2620,126964.09362410323
252,214477.67992325278
721,41398.00812761823
2165,175963.14623512956
2316,183070.3788718714
775,127992.62395809777
1558,111342.11965300422
17,242366.45883207663
1022,231040.34010363324
925,108086.0743453477
438,278451.96734214947
1270,139595.5969309758
1272,114378.58686011273
215,131305.8888480208
266,240012.21190970053
2402,277449.2209661924
1250,133251.17663470889
1984,122620.6757812401
1279,146129.01707299496
377,264862.5363628755
1252,146271.37893442356
2156,279792.4266208501
499,338201.8776850607
1374,136610.27126884903
2898,261278.60841409396
401,104622.73924508796
2721,166609.18436880398
2078,228322.74757448514
2589,119883.78949343762
1946,257137.78583276412
1334,120257.50972460618
2781,240910.5499473468
431,343439.922215641
576,206252.52442377515
1474,229251.0916619161
2254,167285.65986722882
2155,287531.437302914
885,103693.61779566389
643,140263.23549486045
1944,120508.01221405063
480,212491.003189486
2845,85983.59373325412
2387,314192.8247445547
2407,204910.81316462602
2527,204475.05153427762
2514,185462.45667214238
629,187345.43832656322
80,215431.19875775825
1876,136887.99129170692
1546,127748.91711860441
2518,168645.55120243656
2347,171557.42780856637
783,163684.63751310972
1322,41944.93249066116
194,57830.4221112089
1770,294165.6396237479
2143,124609.05557661026
1229,228301.1373334505
511,274446.8319498976
46,207379.01433205465
1348,191043.6634891308
2465,216946.2769404737
387,248968.4743595732
873,213384.226145986
1918,112851.58766638534
2764,249152.2060108881
2184,112692.46644331329
934,155141.2694287569
1920,114849.18347489415
2631,174148.8990629817
1768,486277.7447673362
2040,86535.73262115475
1749,230628.6278506607
834,227505.55403909355
1457,253202.4084387736
79,131086.42372690723
2302,110991.11982498504
1817,128502.6418911526
2755,247627.53337044583
359,179161.17717176548
2059,113949.8392216867
2092,267580.9624192094
2516,236276.75578149804
150,116822.11184281518
1656,167789.14599035797
83,106760.2277474897
2411,175424.04169365903
795,84734.83347901236
2312,264090.6103980738
2917,76151.45414642314
1624,204479.48918840254
2215,281675.7306531032
1211,149173.716754462
1485,156052.71974839957
1024,194456.39857486868
570,189110.0366287881
2874,146848.8121187737
700,153179.0577682458
2756,218656.38450425584
2022,181576.04117111675
583,236636.22457270417
2392,323159.2583198296
2424,195261.95583493798
212,100115.33093174174
736,109109.84963788709
1610,185247.85278836696
890,109923.43171723373
467,185341.69411848497
578,278618.0717128706
1747,198899.26213710103
1149,169242.71478118224
2758,207464.73210087826
857,117434.53259328345
2219,261147.77873714163
733,114245.16718323913
2909,127334.30013561365
1798,280779.0414887641
235,105373.17923582764
2366,143811.7243490955
1027,141987.8661320951
1195,125900.65112485795
1303,9600.091016910272
148,191639.85081957
608,148479.0948558743
2515,210131.83694375737
821,272916.5767140526
2500,288860.60878938204
745,95842.40308106993
741,140258.5671929865
1611,185452.81981939985
2532,120080.2681208303
1081,216727.82250196836
1692,362147.2458309422
2520,197321.53188172542
276,129989.03216902912
1992,120451.69987365091
663,-2067.579222586355
418,153158.11856282922
1733,194146.13842724648
2359,165450.34630239732
253,206764.18756944488
1518,155423.6529186892
2035,156796.99832055788
2919,73006.45548050292
1540,224205.94967799552
2120,155707.17919452954
1674,172831.1799314113
256,155404.42909686954
2361,87215.52370405407
978,67736.33448541863
2280,160057.45275075512
2095,247322.3048272516
1709,316604.61261341325
2801,238967.35991842207
1246,108245.57271407999
2373,144991.0301050836
1055,276888.07268465986
2017,116229.9324799513
1099,321180.3432681081
1344,90161.31774190487
835,202558.5490824181
1117,226097.22747521265
2043,74500.89512472751
2085,122879.39317923551
410,167784.91725921212
2650,131180.32239962218
2867,173249.5066569422
1668,115429.75031515118
1161,199457.44166384696
2122,173600.66494093195
2539,141716.0394986946
1047,149031.83316876204
1445,116951.11290217983
541,123531.54431380099
569,207017.63073851867
1276,138137.73520791612
918,149762.65134095086
326,166147.50968606467
1936,106205.6390362829
895,82120.01199245045
257,142530.93381174246
1241,183714.9488551499
1545,114296.02834315388
1189,174066.41625678202
270,156038.38916252076
2066,215317.57640273287
693,116191.20919876639
1259,182342.2417533783
2916,148415.29669983662
2321,273248.28855032753
1977,90334.1843921903
1895,166931.14664376294
1240,156450.1651808509
85,139004.89803649066
1823,106674.8229502904
825,269338.25532836246
110,212152.14878690976
697,127253.19975104823
2297,90049.4487448663
1231,134431.10984880442
1355,126288.32089382852
968,319873.6406299977
584,241808.5757162968
1315,98416.3579533858
1606,136359.74588786846
206,118026.36634033686
1685,305540.45357097476
2016,115281.26643183001
869,232941.8414430227
2135,125911.41305758862
2346,199771.224748948
2430,215721.53112722666
2198,89499.48874648102
2652,121323.99629788008
27,100214.07390824077
241,175366.2594533288
906,116085.94414251007
1506,96095.58202251873
2098,336800.9719056722
1435,212881.07258812443
2213,132072.56672667759
1274,160767.59567817522
743,6246.734530152986
1737,199127.641762031
2797,285708.27614280186
2185,82398.37200296612
58,199408.34325710265
830,206944.26321288908
808,148966.84887998458
680,145199.32196271617
1153,111421.882784429
1291,138085.7584091113
1818,195741.3134855671
2161,211393.86816111126
1883,128892.9558881257
350,279681.8903914832
2473,148210.59515874612
295,199822.6687159912
293,188975.62960076018
859,121528.84839907615
288,38530.461869912804
1578,155201.76439140562
102,227418.53101495712
2831,184688.3071554083
1030,179726.838262417
2551,130116.8961458063
1286,138982.890271427
958,292317.86117951246
776,127657.42712479946
72,188394.56450886605
2263,256041.12739822594
1866,154160.09662538406
2876,58071.75019037293
2146,276302.4494968266
103,196097.98367359838
1500,166241.61406754435
492,211213.0328773841
167,130360.41067321657
2597,101062.39959669078
2685,98154.31995828275
1035,153231.32553511357
1220,46811.76775410201
2602,157860.50185299502
2159,224604.57501152484
695,165859.29516350036
1109,257654.67888996203
640,213903.17635772645
1652,171441.44952970394
2090,212019.88037091377
1188,187147.43501708494
2345,246529.97829780984
1059,348564.6724670115
2751,247458.30309908406
128,194855.00425927632
1523,176134.49098036997
2925,151511.79756419105
2145,288246.889121708
1121,232604.63969405123
566,280727.0094588846
565,230015.27043818077
1331,132250.85875952733
2928,109716.99460804579
156,132260.02148882556
797,143432.52355858358
327,89837.81159662164
2859,163339.4957993197
1453,108516.35392585536
1762,325981.9725700377
1868,206906.82863510598
1760,189963.85995937046
1113,260438.015430809
1812,199407.88427964284
117,179035.3898105272
1142,204704.97978482384
2342,321746.95023693726
927,120753.93132222514
2478,206628.7198468024
655,55464.27589538926
2064,111662.81899861468
369,217755.91052050097
2239,122945.81924061046
2732,194506.60917212814
1653,172544.9391457095
959,232144.57987014565
2395,296521.68834333355
1412,97628.67386794311
271,250344.94357891998
1484,157662.15372936055
1497,118788.27270832728
552,199331.0976419443
2,132311.79784874874
1855,272045.24484125245
4,227669.02593366615
2292,161608.2264324018
134,128348.22518268006
646,109442.00153635244
42,309425.3627130571
532,215720.71928009042
713,74492.37986417557
2561,126268.98788531742
2360,129339.35428546055
1333,108651.8265855906
1407,227248.969153099
2892,289182.8091221377
574,254241.12868105702
1227,168961.73326486594
2591,241393.70714458753
1476,217687.41860145633
1125,296552.49287495576
1446,129526.12449013849
408,132956.52167939045
1101,302460.53385605174
2251,174986.15567634616
373,211219.95779906446
2554,110572.7719897927
2382,277259.2938243188
1985,68980.61535557348
519,232325.34737763705
1093,211402.7347068732
864,279518.6148516843
2889,160861.86085901526
2308,199294.43506425223
986,158022.09921787994
1302,161056.9587436294
585,174889.16063211276
2708,139008.80783619604
147,129137.3345331261
1441,219376.48001514398
383,171901.62721325713
285,144787.0294007603
181,109973.94207156554
358,181461.34008569922
780,185513.1324403988
258,216995.1146182723
1865,240027.37124972825
692,124829.96711427427
2902,289040.53391940845
508,280785.05111832055
2638,148713.51353351923
36,164400.15162386966
611,185153.1677295065
2281,130495.49693282705
1678,153486.1510062177
1696,352894.9711007448
1557,64959.966476201545
2180,156303.8708251164
1726,233383.21631685074
951,143334.54789641243
267,239947.24492852495
2706,122455.50708521262
2221,191968.58950777876
1357,164527.81244666886
2901,280573.0498043017
347,208478.5286720394
2164,199965.3848276066
1586,294427.17032159306
360,165505.1315665401
1769,228869.74930181843
2617,197661.36913829914
1879,155416.44942666253
991,208518.91500267352
1535,119228.3237437146
1191,154580.79330080235
1579,232409.40161489032
1882,139968.73985419224
1510,119153.44100640959
2196,157236.94598519558
1845,197507.52438882075
2336,357081.83274144283
942,99659.57006912364
861,110002.90774339705
2555,90397.28673307179
1392,136084.99890423205
2099,274302.98053962574
1543,146895.9012639952
948,250717.7530241873
1239,142063.02783237817
22,191639.78154819342
2796,248699.81951794017
2747,172679.5180543986
92,308785.9315603839
210,157683.3312497296
1858,212285.92055162217
2228,200948.410113364
447,231127.4380927895
827,230493.51270691876
1649,246531.963432653
682,125987.34191662143
2698,124024.88942564034
494,199625.16103360627
214,91314.74640124291
2441,258265.54755239538
2679,105254.37845779839
1336,100273.97434184863
465,205688.35041755764
1524,142182.0436419373
2543,124057.15824683302
631,125044.27287019568
2452,313831.23354917904
228,187117.33586564544
126,142283.2466819036
1092,209918.18299024063
1122,206331.14164177538
932,218880.82872029464
1980,66227.82650950365
2171,100654.83830472582
551,181789.35314369516
2768,173173.23944843537
2056,112746.4080291409
1159,344127.79081204487
2645,123938.73592538887
1174,203723.24556630081
2266,220919.57968194794
2462,328752.8028165023
1219,120060.18275009701
2922,194227.48608681269
118,145344.5527221451
474,183496.70962046308
2576,164775.72175899614
872,260276.0614800956
1077,235073.39460872835
1536,142591.6483491481
1150,118046.20023109927
2341,275686.6220316712
1931,122709.96953810193
2785,116751.50556103268
2538,117370.70426922804
597,235956.838776523
464,210737.32222847256
233,223482.987011106
2169,125466.39134645171
2123,176527.5022092762
1867,177739.61238016537
137,258420.13344308792
515,233548.82507030526
933,146263.07928296004
2784,184627.61680227786
972,176102.64457353763
599,165160.96331610135
2614,137614.62350825663
2582,131513.28759791027
1409,173790.21877087036
175,76973.95963135664
352,228295.89279953344
976,67794.85104442353
2134,224369.70468898222
984,99163.81757241639
2396,292108.8391638999
1673,169476.30732637574
404,147991.20352871204
607,154348.19761595898
814,157128.72717596253
868,221242.07322531682
2271,194050.2301675718
1633,227762.67739600514
337,201047.54571777047
2765,207718.85573795694
1746,226065.38882677746
368,300727.4260912258
2806,206629.0255646631
1662,190615.6613719688
1234,218583.4799008132
1373,126021.08754087554
1672,100630.77671659365
1939,112006.60497592157
