,Id,SalePrice
0,2658,178251.24806749247
1,2718,180064.05243562447
2,2414,206008.0718733903
3,1989,176082.8551502269
4,625,179499.29415170645
5,333,152969.59945654412
6,1327,176068.91050124128
7,858,178753.25543097517
8,95,158634.61310695656
9,1568,181678.14555571123
10,2482,171393.9669288086
11,1364,171481.1209849688
12,2584,185809.2478177043
13,818,174186.38288818114
14,2673,187297.83909692036
15,2089,177965.38276328705
16,1297,184031.3050720364
17,790,179746.81167120137
18,2616,184031.3050720364
19,720,207984.72586710344
20,222,175127.64669471123
21,557,176009.64574305236
22,1148,174311.88472905182
23,2766,221169.39148301724
24,534,179865.34118757924
25,1452,171411.39774004064
26,630,190003.1010001327
27,2648,177756.2130285026
28,125,177058.98057922107
29,1904,158582.32067326046
30,1670,171969.18369946588
31,756,168134.40522841745
32,717,187168.8510938033
33,1032,181242.37527491024
34,852,185307.2404542216
35,1731,192412.0391124004
36,2639,165624.36841100393
37,2071,177756.2130285026
38,1267,177379.70750589058
39,1851,171902.94661678415
40,567,160154.5798463903
41,2439,185474.57624204917
42,1898,172136.51948729344
43,647,197135.7889562828
44,2256,160513.6545577703
45,979,151725.0395345766
46,1444,185600.07808291985
47,2485,173572.8183328134
48,157,166837.5528727538
49,88,172526.9696588911
50,2003,179286.63825467555
51,186,177756.2130285026
52,1425,178958.93900351325
53,2695,171481.1209849688
54,738,167297.7262892796
55,395,174026.0194248464
56,1353,178174.5524980715
57,1878,179509.75263844564
58,390,184902.84563363832
59,1456,182344.00254477508
60,1103,187081.6970376431
61,1387,191352.24578949247
62,2070,194385.20694386715
63,1199,192938.44961160797
64,2479,171317.27135938764
65,501,183856.99695971602
66,2362,174705.82106289588
67,1718,159987.24405856273
68,2188,161266.66560299436
69,1483,161810.50691343396
70,2557,166687.64789615828
71,437,227618.79163887142
72,2224,235225.59766053292
73,1628,183975.52647609386
74,397,176047.99352776285
75,587,208681.958316385
76,2182,286154.94191830244
77,971,222204.7816702003
78,2611,179534.1557741705
79,1887,175451.85978362712
80,2399,198073.56660056647
81,2148,176881.1863046543
82,304,178244.2757429997
83,1997,158930.9368979012
84,2817,176978.7988475537
85,1431,190996.6572403589
86,427,190668.95798919658
87,263,172457.24641396294
88,598,203902.42987656005
89,2895,204491.59129620297
90,687,174493.16516586504
91,1822,173426.39951846428
92,2191,187402.4239643126
93,179,170435.27231104652
94,1009,162664.6166638038
95,2010,167733.49657008058
96,1991,180764.7710471524
97,1411,179746.81167120137
98,1721,162382.2375218448
99,1144,175838.8237929784
100,593,175664.515680658
101,575,197606.42085954783
102,1249,196058.56482214283
103,1604,170613.0665856133
104,1064,190724.73658513912
105,1923,188172.8658207687
106,1988,159907.06232689536
107,2325,173171.9096744765
108,114,212049.59104641477
109,2700,185202.65558682935
110,217,183937.1786913834
111,343,181939.6077241918
112,386,172526.9696588911
113,2005,187517.46731844405
114,2908,206402.00820723438
115,1814,202842.63655365215
116,2446,271045.91474237165
117,208,172980.1707509241
118,1679,153408.85589959146
119,822,184087.0836679789
120,6,181165.67970548928
121,1781,189229.17298143022
122,2397,184955.13806733442
123,2340,174782.51663231687
124,1618,194730.3370062615
125,2843,168008.90338754677
126,1061,188741.11026693316
127,2786,179708.46388649088
128,1935,177487.7785355292
129,1341,165624.36841100393
130,521,190327.31408904862
131,2136,176570.917864724
132,996,177902.63184285173
133,227,185519.89635125245
134,135,186053.27917495283
135,1167,154329.2027326431
136,294,182818.12061028654
137,1776,180928.62067273358
138,540,191951.8656958746
139,1717,159980.27173406992
140,2303,186907.3889253227
141,116,179011.23143720935
142,127,180255.7913591769
143,1371,182357.94719376072
144,1014,255218.73814368088
145,1507,174444.35889441532
146,702,172861.64123454623
147,750,174597.75003325724
148,261,184379.92129667714
149,1559,177756.2130285026
150,577,200126.91616370057
151,2812,186977.11217025085
152,2080,183027.290345071
153,1368,165854.45511926684
154,2376,173705.2924981769
155,659,177832.90859792355
156,1235,172143.49181178625
157,332,153004.46107900818
158,1917,176919.53408936475
159,2094,192136.6322949342
160,1460,178592.89196764043
161,1471,192136.6322949342
162,1509,187402.4239643126
163,1922,178627.75359010452
164,433,194116.77245089377
165,460,168943.19486958403
166,1116,181960.52469767025
167,1137,194123.74477538659
168,53,157546.93048607738
169,2354,179541.12809866332
170,1475,180370.83471330834
171,1761,200845.06558646055
172,842,174521.05446383628
173,2739,187095.64168662872
174,2509,155249.54956569473
175,1007,184142.86226392144
176,2610,180496.33655417903
177,1952,165206.028941435
178,2719,175089.29891000074
179,2921,152983.54410552973
180,1966,173931.8930441934
181,292,180681.10315323863
182,1204,180893.7590502695
183,1829,207535.01093731687
184,2419,178010.70287249036
185,391,181730.43798940734
186,798,177965.38276328705
187,481,177634.19734987832
188,193,173548.41519708856
189,555,180370.83471330834
190,899,181960.52469767025
191,2357,181730.43798940734
192,328,154726.62522873358
193,1356,182173.18059470112
194,1154,168552.74469798637
195,1730,182068.5957273089
196,2249,172666.4161487474
197,1119,179248.29046996508
198,2856,181814.1058833211
199,1394,194576.94586741956
200,2587,173224.20210817264
201,61,207155.0192524584
202,2661,168343.5749632019
203,2711,182518.31065709546
204,1147,178770.68624220722
205,757,166513.33978383787
206,2623,171481.1209849688
207,2378,153977.10034575593
208,1413,179011.23143720935
209,1722,168838.6100021918
210,1112,197271.74928389268
211,1623,176490.7361330566
212,1201,178174.5524980715
213,1513,164306.59908186184
214,957,896759.7455388511
215,1171,160705.3934813227
216,1145,175263.6070223211
217,2726,217341.5853364616
218,703,158157.00887919872
219,760,164369.35000229717
220,1964,172526.9696588911
221,2512,159401.56880116626
222,159,170710.6791285127
223,1281,170979.1136214861
224,468,187904.43132779532
225,290,173886.57293499008
226,665,184031.3050720364
227,1463,185600.07808291985
228,1792,179865.34118757924
229,923,197557.61458809813
230,500,181967.49702216306
231,1408,214535.22472810344
232,331,151578.62072022745
233,170,163114.3315935904
234,2192,174869.67068847705
235,2571,234995.51095227
236,2314,191808.9330437719
237,2647,166018.304744848
238,422,196082.9679578677
239,2457,219227.59911176816
240,1838,161127.21911313804
241,2805,200803.23163950368
242,1645,184589.0910314616
243,1711,188211.21360547916
244,2825,184937.70725610238
245,322,192446.9007348645
246,2103,182061.62340281607
247,342,191728.75131210452
248,600,172303.85527512102
249,488,174698.8487384031
250,1725,173642.54157774156
251,2246,165791.7041988315
252,2847,175664.515680658
253,806,180642.75536852813
254,530,179063.52387090548
255,963,186321.71366792623
256,2678,167716.06575884853
257,171,177058.98057922107
258,2401,217606.5336671886
259,805,183194.62613289856
260,2259,215957.57892463775
261,1748,185021.37515001616
262,1361,182169.6944324547
263,1677,152969.59945654412
264,1406,182818.12061028654
265,2322,227458.42817553665
266,688,172771.00101613963
267,143,175664.515680658
268,804,178861.3264606138
269,1214,177825.93627343077
270,2828,159192.3990663818
271,1999,171481.1209849688
272,2467,174705.82106289588
273,2665,171481.1209849688
274,1538,195535.64048518168
275,398,170916.36270105076
276,2822,202623.00833212846
277,2157,161841.8823736516
278,1856,202706.67622604224
279,1269,171481.1209849688
280,2570,177756.2130285026
281,2320,182856.468394997
282,1517,188755.05491591876
283,2304,183724.52279435252
284,1312,178254.73422973888
285,2012,167297.7262892796
286,506,250822.6875509608
287,2865,204111.5996113445
288,2367,153189.2276780678
289,554,177756.2130285026
290,238,179746.81167120137
291,1954,176710.3643545803
292,2488,177501.72318451485
293,2291,152969.59945654412
294,1969,170783.88853568726
295,2725,195797.10265366227
296,1482,161810.50691343396
297,2763,178857.84029836743
298,503,178052.53681944724
299,1584,185432.74229509226
300,1531,180022.21848866757
301,2210,171258.00660119872
302,459,172143.49181178625
303,556,171007.00291945736
304,1347,167716.06575884853
305,1290,163114.3315935904
306,1388,177756.2130285026
307,1571,720412.2283043194
308,2754,169954.18192104224
309,765,183149.30602369524
310,2494,191882.14245094644
311,2870,200764.88385479318
312,7,163532.67106315933
313,1114,192582.86106247437
314,2418,186928.30589880116
315,291,171481.1209849688
316,18,186102.08544640255
317,39,181796.67507208907
318,1001,168218.07312233123
319,2442,176842.8385199438
320,616,170836.1809693834
321,2680,168134.40522841745
322,1414,175681.94649189003
323,289,163811.56404287193
324,40,191292.98103130356
325,860,171481.1209849688
326,409,163560.5603611306
327,673,176752.1983015372
328,2427,156874.1011725207
329,2036,180475.41958070057
330,2564,179366.81998634295
331,642,179436.5432312711
332,1008,195420.59713105022
333,1908,185931.26349632855
334,2519,159488.72285732644
335,1369,182357.94719376072
336,2855,172833.751936575
337,712,176082.8551502269
338,1943,195849.39508735837
339,1958,187043.34925293262
340,107,161789.5899399555
341,2295,264851.0044305053
342,704,181709.52101592888
343,676,188716.7071312083
344,259,176884.67246690067
345,93,185195.68326233653
346,106,172105.1440270758
347,2315,180485.8780674398
348,1050,179419.11242003905
349,1095,200011.87280956912
350,2709,185868.51257589323
351,758,166781.77427681128
352,1496,171481.1209849688
353,2370,152237.5053847985
354,2458,181876.85680375644
355,2733,179063.52387090548
356,161,185687.23213908004
357,726,180266.2498459161
358,845,177815.47778669154
359,947,181678.14555571123
360,2232,176013.13190529877
361,2563,179464.43252924236
362,2299,242936.98854958668
363,211,183445.62981463992
364,605,186384.46458836156
365,1478,184899.3594713919
366,2247,162940.02348127004
367,2274,268860.09101387404
368,2869,191645.0834181907
369,967,178303.5405011886
370,2656,166670.21708492623
371,667,180095.42789584215
372,1042,152969.59945654412
373,2023,193496.2355710332
374,2447,178568.48883191557
375,2055,175664.515680658
376,2275,199739.95215434933
377,2204,173022.004697881
378,1563,159774.58816153186
379,483,164031.19226439562
380,796,161144.64992437008
381,1526,200681.2159608794
382,2042,181660.71474447916
383,442,193492.7494087868
384,1693,193234.77340255262
385,1468,176884.67246690067
386,1430,186471.61864452175
387,2605,184031.3050720364
388,1529,172906.96134374954
389,335,237516.00625642276
390,1287,178397.6668818416
391,31,152237.5053847985
392,1785,179206.45652300818
393,82,175664.515680658
394,2620,188716.7071312083
395,252,182643.81249796614
396,721,157885.0882239789
397,2165,175434.42897239508
398,2316,185450.1731063243
399,775,171662.401421782
400,1558,209131.67324617156
401,17,188681.8455087442
402,1022,196755.79727142435
403,925,173157.96502549088
404,438,185237.51720929344
405,1270,173956.29617991825
406,1272,174270.05078209494
407,215,167465.06207710717
408,266,179666.629939534
409,2402,184474.04767733015
410,1250,172004.04532192997
411,1984,167036.26412079902
412,1279,171481.1209849688
413,377,189567.33071933175
414,1252,177191.45474458457
415,2156,181242.37527491024
416,499,188922.39070374635
417,1374,220587.20238786715
418,2898,185321.18510320722
419,401,182985.4563981141
420,2721,192136.6322949342
421,2078,190553.91463506513
422,2589,193792.55936197785
423,1946,220569.77157663513
424,1334,166844.5251972466
425,2781,194155.12023560423
426,431,188981.65546193527
427,576,159565.4184267474
428,1474,175838.8237929784
429,2254,176884.67246690067
430,2155,185593.10575842703
431,885,176978.7988475537
432,643,174716.2795496351
433,1944,179847.9103763472
434,480,181678.14555571123
435,2845,186081.1684729241
436,2387,195936.54914351855
437,2407,170058.76678843447
438,2527,187168.8510938033
439,2514,161883.7163206085
440,629,193653.11287212154
441,80,179335.44452612527
442,1876,182479.962872385
443,1546,167297.7262892796
444,2518,185600.07808291985
445,2347,182859.9545572434
446,783,233865.99438443396
447,1322,185913.83268509654
448,194,163811.56404287193
449,1770,187472.14720924076
450,2143,171481.1209849688
451,1229,194141.1755866186
452,511,181695.57636694325
453,46,168591.09248269684
454,1348,167716.06575884853
455,2465,174705.82106289588
456,387,175908.54703790654
457,873,176884.67246690067
458,1918,170295.8258211902
459,2764,181385.30792701297
460,2184,168692.19118784266
461,934,151568.16223348823
462,1920,174883.6153374627
463,2631,172840.7242610678
464,1768,221455.25678722264
465,2040,163114.3315935904
466,1749,187503.5226694584
467,834,204592.6900013488
468,1457,182636.84017347332
469,79,171393.9669288086
470,2302,175364.70572746694
471,1817,178383.72223285597
472,2755,185460.63159306353
473,359,177069.4390659603
474,2059,176588.34867595602
475,2092,193353.30291893048
476,2516,171411.39774004064
477,150,184554.22940899755
478,1656,184006.90193631154
479,83,180545.14282562872
480,2411,182068.5957273089
481,795,186471.61864452175
482,2312,191721.7789876117
483,2917,151725.0395345766
484,1624,173834.28050129398
485,2215,188800.37502512208
486,1211,178453.44547778415
487,1485,161852.34086039083
488,1024,191937.92104688898
489,570,161081.89900393476
490,2874,170783.88853568726
491,700,169389.42363712422
492,2756,177721.3514060385
493,2022,173415.94103172506
494,583,182574.089253038
495,2392,187949.7514369986
496,2424,157090.24323179797
497,212,180893.7590502695
498,736,167297.7262892796
499,1610,184989.9996897985
500,890,183619.9379269603
501,467,190268.0493308597
502,578,179847.9103763472
503,1747,202922.81828531952
504,1149,173893.5452594829
505,2758,193015.14518102893
506,857,170783.88853568726
507,2219,183229.48775536264
508,733,177247.23334052708
509,2909,155671.37519751006
510,1798,177756.2130285026
511,235,211223.37059401616
512,2366,153910.8632630742
513,1027,180346.43157758348
514,1195,174705.82106289588
515,1303,171868.08499432006
516,148,181353.93246679532
517,608,182985.4563981141
518,2515,175364.70572746694
519,821,182030.2479425984
520,2500,202365.03232589428
521,745,167716.06575884853
522,741,167716.06575884853
523,1611,343697.5359575074
524,2532,180370.83471330834
525,1081,160116.23206167982
526,1692,193935.49201408058
527,2520,159070.38338775752
528,276,180632.29688178893
529,1992,179847.9103763472
530,663,165206.028941435
531,418,153715.63817727534
532,1733,180297.6253061338
533,2359,181242.37527491024
534,253,172038.90694439402
535,1518,175664.515680658
536,2035,177756.2130285026
537,2919,151700.63639885173
538,1540,189581.27536831738
539,2120,195943.52146801137
540,1674,160719.33813030834
541,256,177114.75917516358
542,2361,178986.8283014845
543,978,151529.81444877773
544,2280,169772.90148422905
545,2095,185729.0660860369
546,1709,188559.82983011994
547,2801,180370.83471330834
548,1246,186666.84373032057
549,2373,152237.5053847985
550,1055,190668.95798919658
551,2017,167716.06575884853
552,1099,180057.08011113165
553,1344,167716.06575884853
554,835,246426.63695824076
555,1117,189169.90822324128
556,2043,161678.03274807046
557,2085,159868.71454218487
558,410,154426.81527554253
559,2650,161719.86669502733
560,2867,195919.11833228654
561,1668,180398.7240112796
562,1161,160384.6665546532
563,2122,185596.59192067344
564,2539,179847.9103763472
565,1047,160475.3067730598
566,1445,178453.44547778415
567,541,191951.8656958746
568,569,159732.754214575
569,1276,171575.24736562182
570,918,171324.24368388046
571,326,187778.92948692464
572,1936,176152.57839515508
573,895,168727.05281030675
574,257,185094.5845571907
575,1241,192398.09446341477
576,1545,170783.88853568726
577,1189,184867.98401117424
578,270,161810.50691343396
579,2066,204875.0691433078
580,693,182776.28666332964
581,1259,184156.80691290705
582,2916,193039.5483167538
583,2321,194318.9698611854
584,1977,161998.75967473997
585,1895,186060.25149944564
586,1240,178174.5524980715
587,85,187454.71639800872
588,1823,170679.30366829503
589,825,186199.69798930196
590,110,174270.05078209494
591,697,200974.05358957764
592,2297,169818.22159343236
593,1231,173834.28050129398
594,1355,178258.2203919853
595,968,197282.2077706319
596,584,190766.570532096
597,1315,167297.7262892796
598,1606,169389.42363712422
599,206,175915.51936239935
600,1685,189849.7098612908
601,2016,168134.40522841745
602,869,185600.07808291985
603,2135,187517.46731844405
604,2346,211920.6030432977
605,2430,160482.27909755261
606,2198,183313.15564927642
607,2652,167297.7262892796
608,27,175664.515680658
609,241,182706.56341840146
610,906,168343.5749632019
611,1506,188842.20897207898
612,2098,181120.359596286
613,1435,176696.41970559466
614,2213,192077.36753674527
615,1274,174493.16516586504
616,743,167716.06575884853
617,1737,177404.1106416154
618,2797,183215.543106377
619,2185,170372.52139061116
620,58,173398.51022049302
621,830,171878.54348105929
622,808,170846.63945612262
623,680,171481.1209849688
624,1153,175838.8237929784
625,1291,167297.7262892796
626,1818,175664.515680658
627,2161,174775.54430782405
628,1883,177379.70750589058
629,350,171815.79256062393
630,2473,191951.8656958746
631,295,200764.88385479318
632,293,179980.3845417107
633,859,200496.44936181977
634,288,175009.11717833337
635,1578,180318.54227961221
636,102,156769.51630512846
637,2831,155172.85399627374
638,1030,182636.84017347332
639,2551,184031.3050720364
640,1286,182776.28666332964
641,958,191345.2734649997
642,776,176849.8108444366
643,72,182776.28666332964
644,2263,184697.16206110024
645,1866,176790.54608624766
646,2876,170888.4734030795
647,2146,179063.52387090548
648,103,155347.16210859414
649,1500,159192.3990663818
650,492,232426.20937666757
651,167,172997.60156215614
652,2597,165206.028941435
653,2685,168622.46794291452
654,1035,180370.83471330834
655,1220,169483.55001777722
656,2602,171481.1209849688
657,2159,174967.28323137647
658,695,182312.6270845574
659,1109,184533.3124355191
660,640,213649.7395175159
661,1652,182619.40936224128
662,2090,229769.75374490494
663,1188,184902.84563363832
664,2345,204456.72967373888
665,1059,193158.07783313165
666,2751,184738.99600805715
667,128,180280.19449490175
668,1523,173586.76298179902
669,2925,216103.9977389869
670,2145,182588.03390202363
671,1121,176501.19461979583
672,566,156420.90008048769
673,565,188036.9054931588
674,1331,170818.75015815135
675,2928,182779.77282557604
676,156,181939.6077241918
677,797,186154.37788009865
678,327,153262.43708524236
679,2859,222309.36653759255
680,1453,171481.1209849688
681,1762,188880.55675678945
682,1868,185976.58360553187
683,1760,180018.7323264212
684,1113,188064.79479113006
685,1812,186865.55497836584
686,117,179847.9103763472
687,1142,174705.82106289588
688,2342,210041.56159248395
689,927,178104.82925314337
690,2478,175329.84410500288
691,655,165450.06029868353
692,2064,174859.21220173783
693,369,202710.16238828865
694,2239,175186.91145290015
695,2732,164756.3140116484
696,1653,187691.77543076442
697,959,192255.16181131208
698,2395,186970.13984575804
699,1412,178976.36981474527
700,271,183456.08830137912
701,1484,161852.34086039083
702,1497,170867.55642960104
703,552,175141.59134369684
704,2,186896.93043858348
705,1855,188214.6997677256
706,4,185286.32348074316
707,2292,185889.42954937168
708,134,173572.8183328134
709,646,182755.36968985118
710,42,186541.34188944992
711,532,176835.86619545097
712,713,161915.0917808262
713,2561,179847.9103763472
714,2360,201706.14766132325
715,1333,163811.56404287193
716,1407,305349.7512470231
717,2892,237641.50809729344
718,574,155601.6519525819
719,1227,179847.9103763472
720,2591,220632.52249707043
721,1476,175838.8237929784
722,1125,179063.52387090548
723,1446,175612.2232469619
724,408,152237.5053847985
725,1101,196093.4264446069
726,2251,181242.37527491024
727,373,187866.08354308482
728,2554,180280.19449490175
729,2382,202727.5931995207
730,1985,167036.26412079902
731,519,176501.19461979583
732,1093,182152.26362122266
733,864,189379.07795802574
734,2889,183090.04126550633
735,2308,187395.45163981977
736,986,195587.9329188778
737,1302,177756.2130285026
738,585,191477.74763036316
739,2708,175713.3219521077
740,147,183769.8429035558
741,1441,191014.08805159095
742,383,182302.16859781818
743,285,176229.27396457604
744,181,175103.24355898637
745,358,180423.12714700447
746,780,200709.10525885064
747,258,178931.04970554198
748,1865,174270.05078209494
749,692,160151.0936841439
750,2902,186272.9073964765
751,508,185404.852997121
752,2638,179847.9103763472
753,36,154329.2027326431
754,611,188545.8851811343
755,2281,234531.8513734978
756,1678,153555.2747139406
757,1696,194807.03257568247
758,1557,164334.48837983308
759,2180,170864.07026735466
760,1726,168134.40522841745
761,951,180370.83471330834
762,267,179063.52387090548
763,2706,185547.78564922372
764,2221,196727.9079734531
765,1357,174597.75003325724
766,2901,193855.31028241318
767,347,175664.515680658
768,2164,176950.90954958243
769,1586,189065.32335584905
770,360,171655.4290972892
771,1769,180963.48229519764
772,2617,186994.5429814829
773,1879,183417.74051666865
774,991,191439.3998456527
775,1535,178662.61521256858
776,1191,180370.83471330834
777,1579,188277.45068816093
778,1882,190906.0170219523
779,1510,174869.67068847705
780,2196,184345.0596742131
781,1845,153760.95828647865
782,2336,201887.42809813644
783,942,168699.16351233548
784,861,171481.1209849688
785,2555,162807.54931590654
786,1392,192690.932092113
787,2099,178376.74990836316
788,1543,152931.25167183363
789,948,191080.3251342727
790,1239,180684.58931548503
791,22,183421.22667891506
792,2796,174705.82106289588
793,2747,185425.76997059945
794,92,192199.38321536954
795,210,199590.0471777538
796,1858,159767.61583703905
797,2228,160001.18870754837
798,447,179642.22680380914
799,827,177107.78685067076
800,1649,185910.34652285013
801,682,172736.13939367555
802,2698,171481.1209849688
803,494,173740.15412064097
804,214,168863.01313791666
805,2441,188577.26064135198
806,2679,167716.06575884853
807,1336,167297.7262892796
808,465,184477.5338395766
809,1524,177648.14199886395
810,2543,178104.82925314337
811,631,176919.53408936475
812,2452,182065.10956506248
813,228,186876.01346510503
814,126,192607.26419819923
815,1092,171833.22337185597
816,1122,176501.19461979583
817,932,207388.59212296773
818,1980,184031.3050720364
819,2171,184453.13070385173
820,551,182197.58373042598
821,2768,188214.6997677256
822,2056,171111.5877868496
823,1159,184815.6915774781
824,2645,173381.07940926097
825,1174,153910.8632630742
826,2266,194343.37299691024
827,2462,192265.62029805128
828,1219,185885.94338712527
829,2922,190445.8436054265
830,118,179847.9103763472
831,474,157473.7210789028
832,2576,186820.23486916252
833,872,190940.87864441637
834,1077,168134.40522841745
835,1536,173576.3044950598
836,1150,178104.82925314337
837,2341,185781.35851973304
838,1931,186666.84373032057
839,2785,180963.48229519764
840,2538,180402.21017352602
841,597,179847.9103763472
842,464,154287.3687856862
843,233,228636.75101482245
844,2169,180632.29688178893
845,2123,181315.58468208482
846,1867,187168.8510938033
847,137,215755.3815143461
848,515,176501.19461979583
849,933,152422.2719838581
850,2784,182584.54773977722
851,972,162068.4829196681
852,599,180510.28120316466
853,2614,171941.2944014946
854,2582,170895.4457275723
855,1409,222309.36653759255
856,175,166565.632217534
857,352,172108.63018932217
858,976,151700.63639885173
859,2134,185833.65095342917
860,984,176989.25733429292
861,2396,189532.4690968677
862,1673,160527.59920675593
863,404,154635.985010327
864,607,178976.36981474527
865,814,170923.33502554358
866,868,176881.1863046543
867,2271,173492.63660114602
868,1633,164027.7061021492
869,337,173224.20210817264
870,2765,273625.67480471334
871,1746,197181.1090654861
872,368,187670.858457286
873,2806,177093.84220168513
874,1662,174270.05078209494
875,1234,197522.75296563405
876,1373,175141.59134369684
877,1672,177756.2130285026
878,1939,175664.515680658
