Id,SalePrice
2658,138705.47419886698
2718,187798.0769758185
2414,207279.19248654018
1989,130850.67940581113
625,189299.45851273194
333,67041.72712381906
1327,96958.27804266557
858,139570.22454544413
95,195654.66643232747
1568,188241.31196049834
2482,184532.2801138661
1364,162340.53679916204
2584,189002.20889950893
818,249801.78528015956
2673,150128.92492793442
2089,137989.88735351642
1297,163843.55006149842
790,126857.25820013275
2616,207158.2514982305
720,221495.76081993687
222,127094.39806865959
557,134656.3437125052
1148,203543.17413885926
2766,189524.5673254024
534,221212.77385709982
1452,117965.30035604478
630,102322.55138733436
2648,110038.99363182974
125,173530.14023461821
1904,11778.005401290022
1670,87959.48524824437
756,93159.3682937948
717,235177.51899830054
1032,153045.25847765792
852,233983.21851976367
1731,199433.35598311003
2639,86792.45124500431
2071,107916.39364978485
1267,135443.20988441026
1851,222378.61314980628
567,157689.22462229442
2439,210060.15343019844
1898,152827.73985531204
647,145296.6228159503
2256,221431.67950055946
979,59792.63540052995
1444,209203.2806417056
2485,121680.88885386044
157,115759.07346499921
88,124089.17369298905
2003,113945.67857711366
186,221720.9065963286
1425,285160.53081589204
2695,107856.73602362198
738,103939.06540289882
395,172425.16199887183
1353,181515.20729780628
1878,138998.36684182636
390,215087.34666046244
1456,228104.10597370693
1103,303429.74545178853
1387,143750.9825691803
2070,137603.50017897098
1199,202256.9383019599
2479,167007.04277813027
501,303747.76747379324
2362,71765.80927188916
1718,186774.91422887135
2188,24215.676824200782
1483,167519.70985721098
2557,88407.84617187828
437,299859.9431210343
2224,218032.13888670877
1628,201220.696133257
397,127685.36584514135
587,216151.62706858455
2182,453584.42232513614
971,192289.84386870568
2611,163671.77797961736
1887,117495.54478406429
2399,329032.28143652086
2148,229415.08714188926
304,133245.04352344177
1997,96055.12204252917
2817,89546.84149507666
1431,167491.68233091652
427,308624.0163037018
263,136185.93030840566
598,197546.31667216332
2895,276318.3351031223
687,169644.16930516623
1822,122442.39054584259
2191,77977.91327439505
179,138231.81947505963
1009,240371.48214431212
2010,103321.59790949803
1991,143707.12124391715
1411,145834.25501335762
1721,258409.04346927674
1144,171525.95312199008
593,230209.70706292917
575,272133.47740937606
1249,211802.4070230521
1604,122856.16205292288
1064,385667.83574821893
1923,167618.45515751676
1988,90252.695688657
2325,163046.49429754307
114,200891.13813805743
2700,214726.05218736443
217,116951.40842470841
343,194431.618242432
386,239535.8271720669
2005,112110.90376332588
2908,134096.292982072
1814,240385.63794630754
2446,388046.2273511207
208,127341.21027963306
1679,117461.31069278286
822,321737.1735875518
6,177293.83162864065
1781,364016.34557583195
2397,265780.76249670715
2340,299832.3127488168
1618,176724.40831137204
2843,77580.34098932403
1061,309609.6895118557
2786,121265.82581335644
1935,122469.37701554294
1341,91207.282755611
521,315729.672271371
2136,145187.73175599833
996,176735.73862697918
227,133712.09471326845
135,163706.70382765064
1167,159482.70915295952
294,190887.30611288024
1776,228208.04888413125
540,220833.98979279515
1717,186772.14067806688
2303,124460.714426819
116,190519.81594212435
127,125957.13093754346
1371,132843.11348359077
1014,220481.82994691026
1507,99217.71229888313
702,135602.17296862556
750,161728.14481588267
261,146353.887221399
1559,60497.89587996388
577,246271.9138841955
2812,207799.65489344543
2080,153769.00652858103
1368,126526.71713945025
2376,119344.52107983385
659,106824.14400698291
1235,124700.79450215574
332,49333.22601688129
1917,149736.17576811893
2094,226537.20644234377
1460,242038.27780273068
1471,206116.77762413956
1509,114427.05328932183
1922,125232.100327336
433,396776.4619002269
460,286940.0679522981
1116,284091.23289068206
1137,191731.40302852006
53,208937.2594255316
2354,209414.2222622797
1475,230633.97040469467
1761,385585.3969615407
842,146809.59279245755
2739,169579.88113441062
2509,180600.073558109
1007,214308.53570516885
2610,176026.7455678013
1952,96525.04768547695
2719,185035.69447995746
2921,66607.20003157516
1966,132780.0277431428
292,96654.67717094929
1204,207817.39917478617
1829,237928.90219654865
2419,199362.86566281912
391,190692.29306620895
798,135832.5377965269
481,201512.6977279092
193,180190.0260435799
555,141660.16259527067
899,79032.2317297936
2357,198332.812981784
328,115073.77336383308
1356,138979.1277583813
1154,114847.8106538771
1730,172969.15938334214
2249,168902.77815078967
1119,256548.98662214784
2856,120413.44237996393
1394,130933.36340854818
2587,144678.7120771692
61,295702.19305826526
2661,195634.08452725096
2711,153416.5462984906
1147,171149.56057009916
757,127867.67482205492
2623,108348.44273644441
2378,158547.2633687975
1413,137957.98154875555
1722,252968.7106572527
1112,201570.5554208384
1623,176568.23257419642
1201,171563.0167821193
1513,78310.36746810109
957,532751.3411369548
1171,286078.8312314034
1145,199803.24082605087
2726,253956.5614478275
703,159631.37738090788
760,58572.09710145916
1964,123209.02530528337
2512,189331.86833600397
159,174832.50331900048
1281,168021.3131676697
468,170981.6244238587
290,158369.29032671452
665,128042.33894218132
1463,249137.10433071898
1792,228003.07902379183
923,143527.4865275767
500,239478.87412643433
1408,139261.72553273675
331,52862.2277233107
170,81828.48323735595
2192,81675.41884769732
2571,259487.03071539407
2314,170639.11845943483
2647,104607.71081227728
422,329509.89708130737
2457,321718.2563206826
1838,219371.19872770063
2805,253018.21470414975
1645,191157.1552100901
1711,271377.774745162
2825,220000.02168901253
322,338033.17717261054
2103,287961.6689176308
342,153056.79858924425
600,104521.41028152767
488,178686.98043729668
1725,306565.32080368535
2246,262855.6005781158
2847,156638.7628200287
806,245320.17347591976
530,206694.94917998428
963,198297.75939493615
2678,41841.308674270986
171,56406.95510067139
2401,339982.1362114623
805,213406.61914449465
2259,241221.99169772235
1748,201972.74813514645
1361,143412.23673506943
1677,132238.96368475736
1406,175361.73111178807
2322,225518.14605332806
688,169389.40504182992
143,135942.9598147777
804,208505.51610996667
1214,186938.7336464452
2828,176447.92836596596
1999,168615.52919597575
2467,199789.2114634507
2665,189158.80273142457
1538,291276.3802579866
398,104864.08797924325
2822,143300.85852063517
2157,167312.15373890474
1856,173739.2265141959
1269,138443.15525577287
2570,128019.222464283
2320,255193.862978976
1517,141918.9131789168
2304,114549.57567657705
1312,98098.46007437841
2012,156754.18689698214
506,236176.19006444723
2865,182519.29310886504
2367,124100.0635678973
554,154354.38696949615
238,129947.54896558914
1954,118697.39623041498
2488,186884.63158296538
2291,67921.87551152473
1969,117950.31126242201
2725,166367.44764483487
1482,167519.70985721098
2763,201481.9752028744
503,212454.07795078564
1584,261956.41582450434
1531,155678.98826801858
2210,164217.5236639044
459,306841.9228083822
556,141235.84031877224
1347,138751.92572901456
1290,99266.74516374106
1388,106527.03619186871
1571,384958.2683348821
2754,220358.05116732814
765,136490.0596669378
2494,131532.22136725392
2870,142820.5750386092
7,248365.04590486607
1114,259003.06803214713
2418,263165.8880812073
291,69776.99452531384
18,328898.23416251526
39,330621.64809592173
1001,264321.40004250617
2442,208979.27051158436
616,117901.06681789376
2680,55775.15601139364
1414,108043.37578379898
289,111431.4352985979
40,287416.7256173844
860,136581.08719265705
409,166842.6068205468
673,136027.43196388462
2427,208318.99900982855
2036,181097.94662479672
2564,123033.10412241914
642,178971.70513489807
1008,178159.7049162304
1908,138528.238458329
2519,237652.50953180832
1369,121829.6956554635
2855,168192.63038166112
712,105907.94565813616
1943,68534.17876629811
1958,158137.72008296975
107,219112.0070415209
2295,208860.00191733148
704,88395.1512286258
676,127274.73841578909
259,170280.79434476083
93,275070.0432602194
106,235755.4339183563
2315,172013.187916241
1050,121049.20709077572
1095,209850.99213488505
2709,148603.4115413113
758,147893.66796935257
1496,158067.44969307887
2370,131727.7037533623
2458,270777.56505571713
2733,125737.64645909518
161,244324.35589487327
726,168500.39129334025
845,227907.9254415452
947,259674.9532731563
2232,96640.43761525827
2563,148185.48314599646
2299,146633.61767872318
211,104600.40284882952
605,195100.57319427188
1478,253658.19183364033
2247,261721.21829909016
2274,220129.94584697252
2869,178476.8738064546
967,213356.66767008684
2656,65859.67506793805
667,201784.43193607184
1042,123792.65962063032
2023,170648.30532367097
2447,309947.07138164504
2055,150216.19038853352
2275,300214.62264150684
2204,168306.21950206428
1563,260935.9817030331
483,219092.46129683626
796,124573.85803859518
1526,145768.45752214803
2042,172245.66371991485
442,329308.9131630572
1693,270293.06029437063
1468,204761.91034427413
1430,203570.90089809627
2605,163684.80128843954
1529,194585.35102166503
335,156163.13650767237
1287,136401.92125507968
31,95362.94827234081
1785,260343.780773915
82,169490.87386139343
2620,92264.08679164248
252,240388.60449002788
721,49824.29571756499
2165,194358.45935044985
2316,173381.01396702044
775,137286.66248908476
1558,101206.16213171207
17,244279.25410796306
1022,246318.88720242912
925,105523.07311917387
438,291877.6488673504
1270,144323.9190138589
1272,123996.69641054585
215,123169.28124589298
266,208197.09276398225
2402,245388.49196014728
1250,134692.78734636062
1984,107680.61704498553
1279,138498.73541123664
377,233102.7644621242
1252,156136.71736286173
2156,248953.66616490076
499,272388.5507686299
1374,125978.6318786823
2898,223124.4644777379
401,109885.1415186961
2721,181061.60183923505
2078,236460.51770691527
2589,131484.61042397062
1946,183268.6356404667
1334,124481.23592112726
2781,256917.88503812044
431,366708.32070675504
576,237511.32868914562
1474,202974.76949819375
2254,182646.03250483482
2155,318752.72643322614
885,114058.51954502403
643,153683.80040126294
1944,134804.96970665723
480,205082.40317337168
2845,88725.35790755751
2387,271583.02635466063
2407,223400.48376407113
2527,163592.24755687872
2514,183234.28517519007
629,195942.90168632765
80,209042.31934105977
1876,136501.95449053706
1546,134507.60592964233
2518,186711.14352255268
2347,181667.57581001753
783,168436.09352696815
1322,34198.063118581544
194,70544.87869787961
1770,246282.2660237184
2143,135275.33053119667
1229,203896.09089094622
511,290035.84382487903
46,223261.54748695018
1348,191126.09869237302
2465,198611.61948145332
387,237577.9044098981
873,226488.22910661483
1918,120268.57065151806
2764,235597.52260534943
2184,118201.55459893402
934,145672.7346712487
1920,124622.85193304473
2631,155363.31580151664
1768,394780.27127328864
2040,104328.85511518421
1749,207443.23009254958
834,215822.70448989503
1457,224128.85370782053
79,145470.4975156373
2302,119649.06397310318
1817,141312.0583347797
2755,257516.7567822137
359,165252.1985146514
2059,120580.84576825984
2092,235941.45059101924
2516,261509.95938510657
150,127497.74609366653
1656,135941.7846085471
83,116598.45573292335
2411,196168.10273528902
795,90082.12367792579
2312,213935.65106987255
2917,82226.90883929061
1624,193455.45232539333
2215,269876.0921994782
1211,160811.69813024835
1485,167536.3511620378
1024,189142.8397730298
570,185868.31278171204
2874,154492.20406892826
700,121929.96700165933
2756,232326.93206143135
2022,146899.15612472943
583,209977.73740173213
2392,299197.0399802552
2424,220023.80238508165
212,107059.69753114344
736,106857.66626684356
1610,153220.64142686455
890,102839.52019247855
467,174446.32102539542
578,255839.485449404
1747,225415.79809386202
1149,185183.21827424283
2758,223810.982281024
857,119035.90336520155
2219,250201.58909182472
733,141541.41523472453
2909,102009.93983152742
1798,261524.26418554073
235,75010.73441330763
2366,124197.02261805546
1027,131874.15711328282
1195,137672.8766447457
1303,3295.4447085860884
148,197252.7659400683
608,156720.18761998578
2515,184096.60035072733
821,287255.1953729148
2500,260001.5329252606
745,111855.37896251492
741,134691.89768331766
1611,183105.28326156037
2532,125478.05341279553
1081,240074.31510839553
1692,335140.9015187861
2520,228824.57729585306
276,137630.94458830054
1992,110021.99838883337
663,-9600.357700397784
418,170080.49207053683
1733,186067.36536890408
2359,179747.41466387222
253,218933.67525806325
1518,120578.68389334797
2035,138878.32528653205
2919,48814.57201644662
1540,212535.60237831413
2120,156724.1347447296
1674,187709.37144733826
256,175225.57497236785
2361,90792.17836830253
978,69685.03334093373
2280,172757.02764078102
2095,217713.07779088488
1709,267471.0176215408
2801,214645.7479927307
1246,120416.54157455906
2373,123501.43678616162
1055,288382.3770643821
2017,125353.3902980698
1099,247268.27828414494
1344,108116.90437793988
835,176871.50837015302
1117,234274.41113280563
2043,86524.96536582883
2085,123587.52079884277
410,156506.37107120256
2650,144038.66224138462
2867,175947.6320645546
1668,125063.53934225847
1161,187432.97913763416
2122,190322.22271543648
2539,132277.5978522983
1047,170666.6473339015
1445,124647.56439093465
541,126776.37897270266
569,205788.4850639284
1276,159705.80935976282
918,155269.6968193521
326,168591.61373701028
1936,118985.75989722693
895,84812.79295792803
257,150367.62623006245
1241,200990.78109692526
1545,139734.3722806445
1189,187275.9592089596
270,167519.70985721098
2066,167715.5541692241
693,118204.59241213009
1259,180855.21698059072
2916,147497.25379685732
2321,264783.72217547114
1977,110096.1370073898
1895,173976.6078085777
1240,181883.44384277717
85,151874.96697419824
1823,113931.91022401606
825,280464.69317607605
110,229812.72469322418
697,131014.78843401116
2297,96869.49713388097
1231,145978.05803514319
1355,119044.8676784191
968,331682.0204928906
584,221204.1862185686
1315,85174.62966120802
1606,134554.42560078506
206,132969.76431216113
1685,327767.8604502615
2016,113948.95671433979
869,210247.885970874
2135,143400.32823677605
2346,178767.7178961276
2430,242838.67280859966
2198,109313.65346699802
2652,134048.99071744294
27,107536.3300739592
241,192775.40792854025
906,107870.86960102513
1506,87992.08445301652
2098,279315.0363830958
1435,226456.86845694308
2213,154603.75095374987
1274,158980.48990323942
743,-733.4581667116145
1737,225543.78751306317
2797,262242.7452310482
2185,79317.86917840457
58,197774.84721786052
830,218645.0245192683
808,165768.62108114036
680,124991.0801289496
1153,119978.0125024392
1291,127613.87140092417
1818,188354.80318678205
2161,198295.9751864745
1883,143729.8789804408
350,303853.9984569863
2473,157482.85558739572
295,152442.43062514858
293,175802.09931121813
859,129535.16753686452
288,47141.27946353797
1578,141484.2930459974
102,160629.96380939963
2831,170189.36658130074
1030,195584.29973721795
2551,137058.6674157004
1286,128897.33111600752
958,320051.88067320397
776,139437.23473170295
72,203065.4518933416
2263,285528.0533578235
1866,175962.2873275678
2876,67962.90523037373
2146,252412.80542810622
103,186979.11976838077
1500,176447.92836596596
492,196425.1566903278
167,146774.4767251904
2597,110186.89051188773
2685,113862.666044896
1035,176167.7994482969
1220,46376.90686841495
2602,148562.4567649489
2159,202236.34864919772
695,160388.97642068972
1109,220426.80997088808
640,202141.97059148387
1652,178085.04857000313
2090,201338.7496763001
1188,207608.87269966688
2345,235275.2801488205
1059,330563.7678566346
2751,243910.97632705537
128,180729.17118974647
1523,160796.31686284777
2925,166054.69045417162
2145,302701.2632075782
1121,256323.93053238187
566,235385.87773711048
565,210366.15289127885
1331,121775.23812501878
2928,114219.69575130392
156,145137.58828802372
797,131130.28336460085
327,67378.253354533
2859,159824.71980709408
1453,114336.91721200035
1762,294045.0590573632
1868,233004.37978787045
1760,178581.00238993648
1113,286778.216965599
1812,178199.87259436527
117,171002.72979777842
1142,206618.48062325618
2342,343588.6673400189
927,127461.49645172723
2478,175405.21083910821
655,49886.55758787552
2064,120105.80930563016
369,243440.1081532602
2239,144213.49268263218
2732,220810.13740981242
1653,187734.18655886746
959,210390.0652283749
2395,284816.97573091136
1412,104352.41960255976
271,271093.86479853815
1484,167536.3511620378
1497,124210.73102508299
552,172810.81152368488
2,123097.7557321256
1855,268385.95335212257
4,253612.2608948634
2292,180251.52636490413
134,132448.62306842022
646,112410.07710019022
42,321095.7972948728
532,233708.4670311628
713,50145.76128791447
2561,132021.39595512685
2360,139454.1188259537
1333,106728.17286890291
1407,223473.31588411122
2892,241105.6392945852
574,229318.60384365427
1227,182016.77889743447
2591,275923.77898272907
1476,228439.43538335513
1125,242578.51623178727
1446,126003.10206825659
408,100153.1336843787
1101,269979.4178764962
2251,186023.02647404873
373,226194.67835282465
2554,123783.34430287604
2382,294086.02988367504
1985,66152.61763358908
519,254239.5418474112
1093,179693.27125507756
864,247334.86297772138
2889,176833.5199350149
2308,196196.73062701512
986,146525.94637377386
1302,151073.86528418155
585,167361.63133705733
2708,156321.90337093105
147,134906.56283756194
1441,236560.45739424077
383,150209.67950633424
285,145394.96450425975
181,116522.9099883762
358,165191.05835935753
780,178634.11029833602
258,204451.5246921674
1865,189151.2820863073
692,131108.65987692086
2902,305605.82812202664
508,291470.2586174882
2638,131796.5368848343
36,159127.40187827568
611,195337.9641029326
2281,136290.14492125157
1678,132471.94195233227
1696,361994.45559699077
1557,63360.96768174216
2180,136632.81661724474
1726,250686.42181176262
951,155074.57313436992
267,211120.05590885167
2706,131690.18968514178
2221,214201.40378066595
1357,151789.5577415874
2901,305662.3495225704
347,205804.74369856284
2164,218394.649209618
1586,282511.78978678153
360,183901.18146757188
1769,215268.40483618225
2617,224542.35530256084
1879,158586.84991598
991,227058.159485057
1535,116328.24699649913
1191,170394.04210744903
1579,223693.7509621752
1882,156917.58485772298
1510,91422.65759991878
2196,113849.0206068533
1845,159433.17663727363
2336,313794.6142245034
942,93779.7005438885
861,113814.6145474161
2555,75157.99341592961
1392,145059.0999098576
2099,286495.84731747175
1543,144256.32886133064
948,237851.448552978
1239,143864.16856597818
22,213407.42557661387
2796,254319.45225749677
2747,192319.37151223375
92,271503.80361087853
210,161613.07875372109
1858,239934.89069305488
2228,230258.73955088132
447,233925.257487035
827,236696.53312779882
1649,211667.54915815545
682,136086.23612504662
2698,143721.01518196077
494,197690.7141103528
214,59015.3181465473
2441,235821.152958837
2679,112725.88340348855
1336,126749.06327018852
465,201280.04471654585
1524,131714.20320161467
2543,134829.68443846726
631,128822.87411437917
2452,270042.84660414595
228,164109.22139860294
126,144520.02101530298
1092,224111.17441717302
1122,226577.4197894429
932,220698.24154717312
1980,82060.8047714954
2171,96044.87803104334
551,165140.12135748484
2768,193605.43117065134
2056,117831.57175135473
1159,306101.3572848238
2645,100017.49025448202
1174,185885.46563807712
2266,221882.13957131014
2462,338304.4446547179
1219,132138.1530633592
2922,211051.83970004262
118,153300.65062890912
474,208688.1000451584
2576,173790.50345699675
872,280815.27001799236
1077,251469.87580863887
1536,153832.44499336567
1150,123870.60190183378
2341,296618.1979364784
1931,132475.4390687266
2785,125762.15242658963
2538,128360.78805994533
597,211637.77901293687
464,190397.4035331183
233,239414.59833393234
2169,123666.95179782086
2123,164946.36370037938
1867,189141.5528994545
137,270394.698642944
515,207866.39628187602
933,144053.8596526048
2784,206234.78099525825
972,181797.08770474815
599,188318.46022055345
2614,145062.11870007974
2582,140021.1044839524
1409,186373.06479720422
175,42957.941207090626
352,257209.93319039233
976,69752.98533564305
2134,206254.25102361338
984,104413.04670904274
2396,332552.78102011036
1673,174627.82701751997
404,123825.36061094038
607,155379.3142796621
814,152480.4121930931
868,202472.97469375574
2271,198393.2152319803
1633,208633.09375809005
337,154150.07865349157
2765,205398.66247212945
1746,258302.93993550132
368,307605.49034597713
2806,226716.47721699288
1662,176146.88464048377
1234,184506.88423893205
1373,133672.25369961944
1672,107804.97841534833
1939,118571.57424398803
