Id,SalePrice
2658,176505.79899607805
2718,180818.01143466443
2414,163729.4481038861
1989,125645.86663657514
625,185342.6502844034
333,95846.96131337617
1327,110808.85231195379
858,135766.41586727754
95,192725.25275691715
1568,163864.70484333156
2482,157286.88463259782
1364,145927.37097518923
2584,177850.47320846145
818,336062.0815421543
2673,155000.14892404748
2089,137064.41804866766
1297,164203.72662759203
790,126707.99172947335
2616,206469.97220674405
720,211260.70417410054
222,124831.29249056704
557,121218.92097453932
1148,195869.17933376567
2766,145866.38367121475
534,190378.53927161059
1452,112585.40375254562
630,129034.09928968102
2648,135018.3661355874
125,156470.7932974866
1904,69190.40170639125
1670,103974.22509655498
756,113185.45160731048
717,274337.5483281533
1032,141247.73083062077
852,219182.54144591122
1731,160529.52787238962
2639,114047.90174884825
2071,110746.98075632134
1267,119293.48021309951
1851,199768.81478822764
567,131390.37954919934
2439,206416.36367843463
1898,152418.1545371457
647,138825.2942360274
2256,220441.4106326412
979,92518.36112888056
1444,210128.07708395613
2485,119048.8694549054
157,117133.5170973237
88,124175.10910035089
2003,121324.49611139524
186,289491.6010462833
1425,280661.2989168088
2695,122953.29375913381
738,116637.10777643867
395,147333.87387013403
1353,194641.56594959807
1878,141202.0777355502
390,175962.46087195937
1456,223160.40381592876
1103,339605.2035958186
1387,138028.52883620164
2070,127711.0500768949
1199,184702.57317746134
2479,162904.90891070396
501,343628.6833692745
2362,89652.57799076155
1718,181063.46112902672
2188,78928.42845399136
1483,133328.4365833069
2557,97634.71789389028
437,312911.98310263606
2224,197267.3633295492
1628,171715.54226976697
397,124576.35917779373
587,199628.5527570154
2182,538663.5829636594
971,166817.65762593248
2611,150139.55516011117
1887,112845.10042273963
2399,361611.7263868411
2148,211609.78057480577
304,135225.047077665
1997,120261.97164678547
2817,115629.48414236988
1431,165129.22000596873
427,347794.76848988835
263,117472.51097891013
598,179372.69965133135
2895,272416.62365734694
687,169924.20355056872
1822,120766.92458574352
2191,108846.5595300085
179,133856.37693807
1009,201053.09169635142
2010,116789.57327997207
1991,151734.5760696806
1411,144608.35873924897
1721,253463.44668017875
1144,172326.07306986224
593,207989.8827556747
575,275643.7366609537
1249,210098.24591400145
1604,115377.65030895785
1064,450516.1715566699
1923,155489.57135881807
1988,98488.88950289597
2325,153352.29034446552
114,208565.7774412401
2700,215592.67792541062
217,110494.3157514658
343,188543.67077046834
386,240021.115069323
2005,122045.36805236628
2908,112977.37691231802
1814,212519.43631403163
2446,534610.0977554674
208,163006.61725538847
1679,128446.14236924548
822,340729.8413862813
6,167821.25193823155
1781,443629.4260716113
2397,307994.4940905507
2340,302100.2890240687
1618,150561.89258116056
2843,114620.25174977783
1061,369566.64773970115
2786,111327.4378676408
1935,120972.48214476259
1341,112417.34442207904
521,304373.72322483896
2136,118364.60185865259
996,169978.52995227106
227,133364.57234791064
135,145904.26510835337
1167,162999.0100840812
294,182134.8943588525
1776,200568.33210667796
540,179241.84455937543
1717,181063.46112902672
2303,106958.76662019927
116,181983.39848345172
127,125483.67112471975
1371,136953.58843600284
1014,185189.13282142355
1507,105414.37319131337
702,169102.78503279565
750,183716.16953407932
261,134462.2242951749
1559,83087.35027423265
577,231807.16438967874
2812,195654.8278208066
2080,152769.6996418196
1368,125274.41607028747
2376,114103.85534584988
659,104429.41103204942
1235,125750.87967697256
332,84374.04941131285
1917,130766.38001289507
2094,238736.4078338038
1460,291224.9857319922
1471,189349.22181845442
1509,116390.5770269161
1922,124424.29467549367
433,478041.7053767317
460,276269.26428910583
1116,288068.8247312814
1137,158948.1467242471
53,167974.28029695552
2354,235388.6072104537
1475,207402.68512163477
1761,555909.0678418142
842,127512.44569551799
2739,164221.14439111238
2509,133970.1693322651
1007,211979.2671320852
2610,174639.4974588827
1952,94776.92229699044
2719,180413.96030050731
2921,95846.96131337617
1966,135416.93047458402
292,108592.19473271217
1204,226896.01954985858
1829,244541.43517984357
2419,168130.5538866006
391,175516.31714932475
798,129178.20292907125
481,170308.12108215902
193,187581.42556719386
555,125288.81936009045
899,91378.25597069488
2357,189089.90538193335
328,116790.38143674645
1356,120231.4042872908
1154,111091.56926422114
1730,151167.76630259154
2249,135969.45529436503
1119,273923.4399986494
2856,134857.85667032353
1394,133137.56857944303
2587,142321.1658229786
61,329813.4290381071
2661,229575.22878841392
2711,131122.17870435037
1147,175101.17621782757
757,139846.2489043504
2623,113002.91220263537
2378,154387.30805187178
1413,126903.7465672316
1722,227597.85916646407
1112,197546.8685831787
1623,174132.09997963507
1201,192629.96633623564
1513,108881.06111327677
957,258535.60955086516
1171,281454.75198662304
1145,194023.39293189583
2726,237581.80211673124
703,146528.8700298749
760,91138.16180173708
1964,123822.86927367258
2512,175212.67553642608
159,166718.52860942963
1281,182337.9876433139
468,152323.64945658273
290,127691.3435826446
665,116471.68497721868
1463,276845.6123812699
1792,222347.3963493227
923,136606.02258130026
500,309170.20812800486
1408,122501.33309907865
331,77154.20941497531
170,86923.5310524368
2192,94398.59394542
2571,318644.387747809
2314,148502.79172472018
2647,108292.39890234888
422,430307.1049146595
2457,320493.169561377
1838,195157.72516846127
2805,247779.66295538098
1645,164527.8373029045
1711,309962.3148141142
2825,239701.39611089666
322,354616.3641916936
2103,294133.3558117251
342,130683.11081794856
600,102936.58706770463
488,181863.35513126387
1725,325238.54184390814
2246,263080.9316309148
2847,157333.87190140723
806,249276.65721777512
530,223606.92469386914
963,178971.70824223416
2678,89788.25138862782
171,90933.460173155
2401,403105.5136882453
805,212665.61023148158
2259,192768.8198357811
1748,157700.13444460972
1361,142124.6572445496
1677,126553.94379422424
1406,162343.6512920237
2322,211678.56356558873
688,182854.69055518627
143,138184.9150476697
804,205294.00294542688
1214,183057.3855262541
2828,156865.96671632054
1999,211412.99846820286
2467,183078.6697900026
2665,199389.50422266257
1538,424221.1092947831
398,102872.19919785012
2822,132683.65605230624
2157,134212.25007928407
1856,157158.70423398813
1269,131285.7121639445
2570,129103.87696205969
2320,238233.81374921952
1517,150155.3897703804
2304,104960.85134604853
1312,109918.69603376479
2012,146842.11514563684
506,206341.68469400384
2865,209014.309566903
2367,109548.27652333592
554,117921.7806494741
238,134289.12693811487
1954,112320.98429009068
2488,185029.6909073518
2291,95846.96131337617
1969,116187.88541973336
2725,157284.87934470427
1482,133328.4365833069
2763,204639.61843355952
503,236570.96745807392
1584,236681.86661727872
1531,164711.8525179751
2210,198301.75650122252
459,327358.5830958555
556,131937.41966531082
1347,168548.66511998643
1290,93905.05510354025
1388,106688.26178782263
1571,171280.50631278334
2754,193048.80544073498
765,126726.74763537008
2494,123151.56687382713
2870,152938.26299843355
7,220758.49569480546
1114,235624.93568920484
2418,296851.80883605673
291,170858.22787733955
18,354819.79475023097
39,359857.89582997514
1001,259347.77111409552
2442,236763.87925297057
616,125583.66100944886
2680,84620.702954798
1414,129448.56664450672
289,145906.38351564505
40,278188.1235133431
860,121349.89106736495
409,124315.7323797459
673,142711.71753110012
2427,167646.47068411272
2036,178776.08758141665
2564,133479.3620791011
642,173307.16714818194
1008,174695.92206679608
1908,168731.80337684898
2519,211657.59114607453
1369,107959.27581206294
2855,169407.83184781193
712,105423.30959503059
1943,110020.75511837676
1958,140505.85909344393
107,148111.54895299845
2295,165640.1161165517
704,105044.9270786004
676,128344.7136207984
259,172883.72194362496
93,302647.24646524223
106,233918.77781551433
2315,173170.93899897914
1050,113137.51163514605
1095,168916.33701532747
2709,143415.20004523583
758,158114.80107520716
1496,145716.36491682535
2370,126561.05118611606
2458,266158.7366679313
2733,127962.42424683849
161,269451.50221122184
726,164476.42913762192
845,209037.04528289358
947,260146.93743173569
2232,124023.97121920424
2563,148401.96556497837
2299,113815.37329966982
211,114154.72131195731
605,185356.90915663505
1478,202374.48202060847
2247,265082.6250818297
2274,186592.90762513955
2869,172601.04907202857
967,220559.51333618676
2656,95444.2234000837
667,262889.24936481036
1042,114081.9686992488
2023,177971.3722270723
2447,405755.1137303739
2055,126665.90188685889
2275,292238.8679707383
2204,158427.56328977764
1563,260630.0495929263
483,200370.60048701763
796,117402.82085851107
1526,159269.62981342143
2042,177206.80347148242
442,347560.5799363402
1693,310732.5748597263
1468,208861.8471559165
1430,196795.40433496528
2605,184911.57409107834
1529,174576.08761174802
335,130689.65316854874
1287,135746.28569195507
31,107119.36687694007
1785,258441.57251827169
82,167484.5528811273
2620,115129.43715431294
252,184505.82736273
721,87681.92193177911
2165,168579.93096475655
2316,154429.70240824635
775,117595.37132485335
1558,84929.9536326142
17,229309.30338429738
1022,243132.343685552
925,120790.33591861454
438,299726.6225380269
1270,151576.5791972198
1272,123198.61578383252
215,150671.8018209923
266,215775.1682308648
2402,258267.8022085604
1250,130682.53193642001
1984,131698.25235525612
1279,146962.25339459814
377,260314.46075811208
1252,161277.23233275057
2156,270036.3139878043
499,346197.58905133256
1374,118335.48748675866
2898,256648.26319700037
401,102872.19919785012
2721,175580.52982700372
2078,249342.51512631125
2589,125051.47684858518
1946,258539.33059335747
1334,129699.24496947817
2781,237867.99547731492
431,417345.76976736163
576,210545.50658554156
1474,201271.40594114485
2254,144345.65278603561
2155,319180.81544181344
885,108119.26073050282
643,141227.6707555943
1944,120802.94788207067
480,181480.36113688516
2845,111624.90849961722
2387,335127.48878636444
2407,199915.44054217968
2527,173985.2385615611
2514,122234.25664782114
629,186187.10311331504
80,200934.37067488045
1876,130623.7812026805
1546,124757.44792623322
2518,166567.68290446623
2347,162767.70772841698
783,144634.64634062702
1322,75791.82459799973
194,92001.70821240282
1770,297527.3562169309
2143,118152.62913008375
1229,202550.77229260004
511,296415.6887270556
46,199955.29444254874
1348,203557.43863425535
2465,180272.65017397853
387,230052.48045062926
873,209294.4630683876
1918,122031.81075644057
2764,232583.26822873275
2184,120324.09892473492
934,131878.3582238775
1920,125176.91328320348
2631,152367.58984389936
1768,545003.4427392364
2040,121568.34473335052
1749,206530.81350404272
834,200813.1285278972
1457,242397.8585458209
79,110891.47292457023
2302,106958.76662019927
1817,118602.68704607962
2755,251478.08698747022
359,150488.42712908544
2059,113508.81711515828
2092,264982.21765587956
2516,250174.92987255834
150,125824.80241709917
1656,150805.75771894067
83,124377.12636248127
2411,166411.82753167057
795,98364.6985534353
2312,242662.49190063536
2917,80899.61581454147
1624,169507.08622252187
2215,316632.3335689119
1211,148960.09109385402
1485,134174.13136429247
1024,170316.20395181247
570,180152.97494037132
2874,151129.0105899558
700,167027.11242623258
2756,216419.30522108122
2022,191564.30967134354
583,230979.60196763554
2392,353536.95226407086
2424,201351.01203287186
212,115729.50386786752
736,123613.9323204356
1610,173281.6705691505
890,114318.62850652967
467,149224.71946005546
578,292762.2369625124
1747,163811.18115899258
1149,156187.22918914704
2758,211025.4916042784
857,112724.71369881506
2219,298644.553440243
733,129110.82234056851
2909,116495.05821279885
1798,270141.64249985124
235,104315.4768523851
2366,137348.47907611745
1027,128433.25750295397
1195,123644.56124793908
1303,58491.42485524141
148,194019.8582547784
608,152691.4768234423
2515,182593.61655231242
821,289236.8994414002
2500,281831.7471721806
745,120495.5062207409
741,148504.1687977325
1611,152698.95753629212
2532,113582.69072473596
1081,222015.6135967971
1692,409570.6467388594
2520,185462.86228660092
276,140666.9095786443
1992,125609.09709874235
663,68866.45927995995
418,133696.73432688156
1733,162408.18428052292
2359,149366.83240607262
253,185939.1312715263
1518,161197.0482556253
2035,144509.84905780727
2919,84374.04941131285
1540,234117.3636151364
2120,134528.54282833124
1674,170587.0217073156
256,152685.9181293101
2361,99371.14210559102
978,83397.59089780875
2280,159820.27526499447
2095,233139.76450127055
1709,325384.6967248278
2801,229339.45512955383
1246,111866.30180904226
2373,110141.627938772
1055,287130.30641765264
2017,132239.7306932342
1099,273208.631419517
1344,104208.71372017925
835,175627.41538271584
1117,212888.184094998
2043,96782.90402068576
2085,116422.0729351042
410,157771.5844010555
2650,134774.74074693228
2867,175357.05960810263
1668,117634.4273115641
1161,148809.1168341792
2122,156117.91955454618
2539,134013.7010760501
1047,138769.3018961436
1445,117277.59357992637
541,111876.32042664528
569,206934.80583144922
1276,128448.24599910449
918,133767.46418493736
326,148987.67224624022
1936,115305.04748607607
895,100546.09415128059
257,127144.5578185753
1241,192302.746350334
1545,126066.41022293744
1189,166980.38878582916
270,134174.13136429247
2066,219681.8018406293
693,122785.63698840408
1259,165968.03106780254
2916,137121.16775824837
2321,280722.7391081117
1977,120990.52099843929
1895,159155.46291782023
1240,168764.2911231468
85,141510.19147209858
1823,118448.23890244923
825,282654.6524424221
110,214080.32116192373
697,131403.5849497834
2297,93765.08374721673
1231,142696.53427026054
1355,130016.70918217863
968,361422.02626049065
584,239099.182754695
1315,107815.59534313678
1606,118564.91496713922
206,112369.98768482149
1685,348117.94373119704
2016,129374.34665266355
869,210721.5868014958
2135,118304.38042071159
2346,167096.6312988781
2430,221979.5544115155
2198,103323.3956108427
2652,126653.01392855895
27,103564.23949056391
241,156246.71107986587
906,120328.23803071344
1506,91052.20804637612
2098,384094.67147319997
1435,209358.0947811106
2213,143977.89992197906
1274,146577.93437769532
743,72582.93846284837
1737,191962.58244443042
2797,289889.1363911773
2185,96857.75293534275
58,163919.1054590958
830,187780.45795423028
808,160556.1985694916
680,136495.78340294457
1153,113726.01268412983
1291,138144.8141414991
1818,180819.68854469567
2161,171060.84560372817
1883,135309.75926106598
350,326649.0117617112
2473,126394.73319076831
295,180193.54812170105
293,199473.1232850092
859,112310.2237152227
288,87201.18508338215
1578,127511.703533469
102,177026.39287214872
2831,174174.2331793061
1030,182855.5276196422
2551,134148.84889309353
1286,147927.0468320782
958,311298.5397610911
776,116834.0130072262
72,183374.2475433479
2263,265814.10197619564
1866,153803.91903102174
2876,84021.35899828436
2146,274824.22657139093
103,161372.53301474752
1500,156795.05514541612
492,171096.39058961297
167,141635.64406054124
2597,109619.76315560436
2685,124235.06206967696
1035,150613.7799709371
1220,81170.69056976026
2602,162226.961354036
2159,204510.75388532126
695,184712.89289447622
1109,240303.59642206627
640,198686.25818094076
1652,146192.27720916664
2090,187014.7609313813
1188,198977.91594433496
2345,247707.9327493084
1059,394872.2510477792
2751,238075.93302626384
128,181080.7272845817
1523,186960.93252093677
2925,145993.9477679003
2145,326895.2096459483
1121,225653.38810841754
566,293820.32228926884
565,208149.22163639913
1331,148832.9719627275
2928,104738.81121604424
156,138507.4045527087
797,136529.3442008343
327,95846.96131337617
2859,149086.8967441675
1453,105790.46112209627
1762,352542.14236530964
1868,224487.42978699182
1760,170730.38794174246
1113,267568.98604765075
1812,180436.134867597
117,166172.62079899662
1142,204307.7884877607
2342,370190.0976451401
927,129702.66772801548
2478,187091.0055540428
655,85091.78067376459
2064,115508.737799436
369,214930.21045195602
2239,137346.8205507882
2732,209216.3017972887
1653,156180.0785203271
959,196025.72629701137
2395,316328.54594864894
1412,98359.69779201243
271,263590.949207937
1484,135528.76746669092
1497,118446.61779872142
552,188314.6458937208
2,122195.71527181918
1855,264279.2585404253
4,262965.6913717074
2292,153224.74236960793
134,132388.75503105717
646,113145.96501502329
42,344717.6188419649
532,220249.6887944084
713,104473.84106858978
2561,131900.5609073484
2360,127452.65911524856
1333,119015.47763544414
1407,234395.21036176718
2892,258483.26938630326
574,235898.7355701141
1227,175833.455497989
2591,269236.6899731634
1476,211623.19931595787
1125,270077.87385898264
1446,113060.23486732783
408,116010.56177043155
1101,305250.1512472386
2251,159866.0854096928
373,209688.74758298087
2554,123806.39613367346
2382,286256.9496466676
1985,102276.95378672754
519,219080.0200806518
1093,186512.49630677374
864,265171.9591183512
2889,150087.47127444344
2308,195168.42938156088
986,133092.22389447698
1302,151225.66148825918
585,149682.1081075506
2708,141004.75648516286
147,132669.39413179926
1441,215340.11500814848
383,164456.00559830666
285,142104.4748657596
181,129170.94789930871
358,148887.2981553395
780,126591.98659558228
258,193452.59821061924
1865,220570.86833755876
692,131680.62246615917
2902,327401.4644696921
508,298980.2816364407
2638,131272.87310504942
36,153840.27226533386
611,188538.9107656567
2281,114941.1884156083
1678,126585.00135373409
1696,421697.40050985647
1557,96623.50076725023
2180,129692.67664872619
1726,223976.28396141954
951,130773.55342323551
267,228406.17492460282
2706,129633.80001009634
2221,210353.83701521554
1357,184010.98632737
2901,316363.164351349
347,189327.5393953467
2164,177571.63032535877
1586,311713.54923046724
360,154503.6885153819
1769,221718.18072782567
2617,210895.74982752104
1879,157937.22629026527
991,223795.9081331955
1535,125856.11084233187
1191,166485.40142895808
1579,191808.09048530943
1882,132417.45613939455
1510,120766.57933990403
2196,141483.01218939992
1845,168425.2216445505
2336,410307.2039775243
942,108479.19929402196
861,105723.17155737965
2555,105203.84589535897
1392,141299.00562986964
2099,294133.3558117251
1543,118285.83037473376
948,230778.59947516062
1239,148685.90463943643
22,176992.16110590656
2796,259438.73304687854
2747,166697.86423523037
92,321965.1356758501
210,156257.7426651913
1858,221789.26001889733
2228,184184.55480456416
447,223306.30884422894
827,231079.44754111284
1649,226844.8526426175
682,139166.26694860085
2698,134913.29729934508
494,164284.4946859587
214,92205.97379995459
2441,264879.837535848
2679,124913.33708257097
1336,122032.24896333466
465,162870.00596093078
1524,132892.06064138404
2543,119096.10354376238
631,128469.67355293709
2452,333118.078135208
228,152308.01984210408
126,131857.66451622453
1092,201199.48491172746
1122,199082.1668512778
932,204664.6297911365
1980,108644.57113234074
2171,106240.51658030991
551,148937.5084854715
2768,175820.92632609705
2056,115476.06776845187
1159,354704.8982034986
2645,142602.66720998418
1174,167897.88637492125
2266,208807.6505665234
2462,407462.9662777075
1219,128220.17612969787
2922,204277.75641588555
118,149526.0178496519
474,166693.21275667808
2576,160390.68279306672
872,280064.6948885049
1077,227021.94281476067
1536,144655.72316209727
1150,121802.57413012403
2341,305952.43460869754
1931,131220.8345274559
2785,119466.29889601469
2538,124171.72820739765
597,232066.44836059446
464,185019.25319130986
233,208767.70188381066
2169,118987.44306448476
2123,135065.9258835757
1867,178331.95975481914
137,266902.72576742683
515,210278.17641133975
933,117942.10836012861
2784,173395.45101571348
972,162517.43210509015
599,170159.9348390883
2614,124299.37000346466
2582,125637.22996227317
1409,178780.35453357734
175,104982.07113876693
352,236937.73806038522
976,83397.59089780875
2134,192493.7884123237
984,96313.79264309186
2396,344563.5939293596
1673,129020.88178686898
404,140273.28821296338
607,156806.32990990934
814,161624.13200725825
868,194547.0435764729
2271,190376.30995381763
1633,231588.5930134221
337,236513.5910079323
2765,164246.90258188164
1746,222651.6822429121
368,337687.5977247541
2806,201572.57354683243
1662,188584.65358864312
1234,201150.2232274869
1373,133931.14026980952
1672,102289.18989227916
1939,117843.20654534078
