Id,SalePrice
2658,174849.36932747604
2718,196701.05518913915
2414,185141.4637300684
1989,125479.52812868849
625,190623.6804790633
333,76820.05754932723
1327,94185.79552259113
858,128819.73889506221
95,202648.40004910738
1568,172625.6095768924
2482,168915.43717296576
1364,149716.7887722976
2584,176356.3723742361
818,281944.447760649
2673,165780.01029441567
2089,137868.5200125213
1297,178554.89745990874
790,118999.41406910768
2616,207878.55315297336
720,224669.3617525389
222,115718.29828869796
557,127341.22266459817
1148,197005.19551856743
2766,153901.82120434556
534,195349.80807862934
1452,105624.27594664584
630,126822.01959777733
2648,140186.94771961606
125,163021.25448737104
1904,15118.84900194875
1670,91696.39735742619
756,107428.35716293397
717,276289.865212116
1032,137916.69907848982
852,224273.37569649934
1731,184987.90472225804
2639,110898.44598213071
2071,101741.17316999391
1267,119367.62768730745
1851,208125.88043217556
567,155696.42078466414
2439,208079.76728020344
1898,154152.76428190325
647,139404.4360421516
2256,229087.17026805395
979,74985.15549771245
1444,216652.3057448107
2485,110488.42892385084
157,108851.85733856267
88,115714.14856171115
2003,114137.80549368708
186,261352.05780872545
1425,273786.46613919374
2695,119576.75938296728
738,132639.62860414287
395,152947.29773283552
1353,195911.27377320224
1878,141866.09611042758
390,193118.9315305952
1456,231106.89955651833
1103,317015.29443945317
1387,134059.18278607493
2070,139426.12313058574
1199,196308.11180351648
2479,170365.42039704614
501,322614.31395369617
2362,59455.27734283224
1718,185752.92356327327
2188,28887.175288603117
1483,146956.78872321834
2557,92269.92051634433
437,289129.317853747
2224,211580.59912099745
1628,190967.03695636572
397,125149.82226024677
587,216133.17169166735
2182,508339.31819451303
971,176768.4579329341
2611,157296.5923209018
1887,104804.07871257848
2399,330755.3360777418
2148,215783.23748866364
304,144624.69167709426
1997,117341.91536549521
2817,114362.32188093323
1431,171642.8776778052
427,326749.5561235866
263,119547.5157034097
598,198415.65307027343
2895,280871.5385918535
687,175546.94515683604
1822,111485.58660539932
2191,96851.3868091149
179,139465.27049329114
1009,219276.7929839594
2010,113550.21402714332
1991,160695.74420659823
1411,147145.1085108359
1721,250889.91213123477
1144,178472.2114990721
593,224152.64484893956
575,275645.9143534747
1249,224451.12558454895
1604,106470.83532694465
1064,398795.8670551999
1923,155169.6107013488
1988,85008.62811860669
2325,165998.25397039473
114,203651.55433237425
2700,218552.81725000317
217,128723.0039787718
343,204054.08910204537
386,241201.64580252147
2005,117728.13248458572
2908,103088.12614882481
1814,213256.9378649128
2446,455657.942083598
208,166032.63967796482
1679,140953.15320424477
822,314239.2908660729
6,174307.1807842652
1781,381117.14589802566
2397,295339.2248072301
2340,288015.2031997786
1618,161810.06892761012
2843,135129.25616356856
1061,332390.27212135564
2786,103408.66051577392
1935,111248.5829439025
1341,109235.80188358985
521,295778.7799274114
2136,132230.36039888533
996,175227.80092683362
227,134815.24113117778
135,156261.5815991854
1167,174782.4254329924
294,226791.51279133555
1776,208159.31987401494
540,188487.51685548085
1717,185752.92356327327
2303,99410.59339543612
116,184541.54679011527
127,115867.43280563706
1371,144265.13050827623
1014,184411.98135884225
1507,96589.93292638921
702,175506.56394492154
750,186648.79934414817
261,149070.7550324355
1559,62805.49186820001
577,228546.94765341302
2812,203885.71348234147
2080,160912.07594127144
1368,128608.79637539992
2376,105784.06901609455
659,96996.13194197873
1235,124501.85729888719
332,58357.29599546803
1917,134119.6724964619
2094,237827.82821139318
1460,283337.22410615796
1471,197386.96511964547
1509,110832.3092112505
1922,115108.17409981081
433,404041.6349755379
460,283594.38979477645
1116,280369.02180133143
1137,163462.03463533323
53,188177.00468425668
2354,227428.7977480528
1475,210693.3461880853
1761,443303.158410636
842,126931.16665666219
2739,172255.80544745532
2509,172904.7367329275
1007,211577.04652497492
2610,180005.69667679333
1952,89500.93564061332
2719,200062.88577914314
2921,76820.05754932723
1966,129596.73344900599
292,114411.89127327618
1204,232567.7991865533
1829,238083.8085874898
2419,187724.78627053657
391,185114.61710980395
798,137192.52578763323
481,188292.63946835927
193,206335.5735936652
555,123501.81167353879
899,75506.66959466673
2357,199757.84049118348
328,107541.66495273726
1356,126268.52304573858
1154,102993.23262248543
1730,162149.69316870597
2249,146463.7405483747
1119,270347.8904511477
2856,128918.12245587206
1394,134885.99516270208
2587,144220.89410783583
61,306942.6215747456
2661,224073.8650406602
2711,134714.70417081006
1147,180875.4750021047
757,147954.53608346838
2623,103127.72344273969
2378,165650.58837535788
1413,144725.9216018067
1722,236868.39399261939
1112,202865.7758955303
1623,177334.7002140842
1201,197918.38022341163
1513,93361.42753701808
957,248985.41351752158
1171,277829.0593901259
1145,201965.35598115332
2726,239222.09160754792
703,165781.7614103498
760,61698.718704246174
1964,114952.53075734891
2512,197385.41863864652
159,157792.94554122307
1281,198818.35802661182
468,162106.09257739675
290,140310.71229036356
665,120752.95580168755
1463,265418.9090683808
1792,225627.6921403145
923,131053.70125323453
500,298959.882493315
1408,128029.91540219143
331,44411.02350746826
170,154389.96555123772
2192,74368.22803229865
2571,301704.3446316562
2314,160416.66648679005
2647,99596.421766976
422,368563.99831399636
2457,306253.9749833372
1838,202225.55942938305
2805,246801.9975060211
1645,173197.86036191077
1711,290206.7167996328
2825,232114.96533112737
322,314476.62873282493
2103,282948.10509149206
342,137030.31108305985
600,92663.26651597349
488,183338.893193337
1725,307493.6501004788
2246,267012.76223256066
2847,162799.7005621457
806,244733.77312437707
530,220541.25796743488
963,184967.18039824758
2678,58836.531716717596
171,67521.85356858924
2401,371440.7269564079
805,213009.53149183688
2259,291874.44582047546
1748,182309.87923721434
1361,150205.04733259568
1677,146922.51529651595
1406,168811.28873424904
2322,210496.89423224994
688,199697.47760465645
143,133308.98071642604
804,211432.885555356
1214,188454.3986901868
2828,162521.4118613987
1999,209314.8026470927
2467,197958.36694855432
2665,208103.59447301316
1538,377780.7227895387
398,96915.17783170025
2822,126488.1015449503
2157,147965.49458736947
1856,159834.75539463965
1269,128681.07421851411
2570,120759.08486924379
2320,249741.47273673298
1517,154576.72806707455
2304,92134.85361956857
1312,104867.32120305682
2012,155045.0630803194
506,208737.73048056776
2865,203461.8363399986
2367,138346.85864096903
554,134209.75463653472
238,132546.70922378328
1954,105654.96377471821
2488,188126.90972328626
2291,76820.05754932723
1969,107849.0861457168
2725,159749.2453486179
1482,146956.78872321834
2763,222047.31279417314
503,238526.91593412214
1584,242126.71075319083
1531,172777.168955822
2210,206984.08531718276
459,307222.94541579497
556,133119.89376199828
1347,171797.8590394963
1290,89632.0074652946
1388,94246.3278420758
1571,177934.09278386325
2754,205183.83465813394
765,123007.6869042893
2494,114658.41145045754
2870,189213.938254637
7,230343.0746456391
1114,237406.18607577294
2418,279266.3500942268
291,127224.06401579603
18,320341.5914787932
39,324218.8010764315
1001,249329.95495197782
2442,237195.51411080698
616,128268.77048676982
2680,55748.879500149094
1414,127624.23034368135
289,140368.8920730995
40,273625.78634265764
860,124751.02292202535
409,150302.45707582345
673,148775.0860524059
2427,188082.91094921876
2036,196067.88101129537
2564,137225.14126372285
642,215908.00272358433
1008,181544.97625838255
1908,182187.89096391978
2519,218312.06379760554
1369,115012.38525924603
2855,185568.6913917445
712,98623.2245240253
1943,90084.49070914144
1958,150191.345304256
107,188817.40825195774
2295,178842.74159427665
704,103777.98262440349
676,123038.82900153569
259,179441.03079942733
93,284933.17508031917
106,237898.04019528738
2315,175454.27962668776
1050,107276.03515953525
1095,187367.69222256533
2709,146851.97926354205
758,184161.70101941563
1496,155866.39155481884
2370,146747.08818970708
2458,267170.87295374705
2733,126490.62522629785
161,293351.7398304825
726,178650.0789744751
845,214362.0596376725
947,257441.1097977491
2232,114055.36761336499
2563,155105.13072011955
2299,141559.15836870973
211,108309.37037109685
605,207488.96656848173
1478,220088.122293968
2247,268852.23306379555
2274,201635.74613066253
2869,197135.95210578947
967,218066.23315147968
2656,70732.69194672916
667,261477.09278711258
1042,142007.32473224905
2023,185230.43005696035
2447,369305.74115909054
2055,130005.6260659818
2275,276691.75467753795
2204,172480.95510876167
1563,254835.19407272057
483,212537.44729990448
796,123230.7048547286
1526,159367.8702217448
2042,193767.258056748
442,316719.6355829217
1693,287790.0919960549
1468,210314.75002061605
1430,195431.96416915403
2605,204490.8926668015
1529,197718.85719354442
335,133907.12360195667
1287,134775.56569421923
31,123964.0374277173
1785,255533.86088040183
82,176760.37664496293
2620,113924.68929355936
252,211958.96333883156
721,56683.9674257915
2165,174744.48793914786
2316,164381.31234632176
775,121544.75863512777
1558,105694.8948164586
17,234189.93353880325
1022,242049.3232186819
925,115642.17802337343
438,286162.56284216896
1270,151693.94070854966
1272,114544.79123885122
215,150727.81907326018
266,221671.58576130387
2402,259675.97222249018
1250,136886.6278160894
1984,136933.9118875197
1279,149305.99129583038
377,264219.14421168383
1252,165085.96197400134
2156,271919.91740112094
499,328515.47237317194
1374,116247.28639887457
2898,249924.7911101858
401,96915.17783170025
2721,185494.73069153065
2078,264913.33005835325
2589,116492.93374410577
1946,248549.25841261924
1334,136716.21848637966
2781,242888.06030602998
431,358341.7196165928
576,217718.2116725254
1474,211415.02093744738
2254,161708.14390139218
2155,299288.3508064056
885,114106.25159228103
643,145319.0025438292
1944,123854.18356599504
480,194429.1341729632
2845,98317.27252886022
2387,298392.34737781854
2407,207680.7854795046
2527,189129.7028626352
2514,168657.30316195844
629,191278.53071104488
80,205668.11968092274
1876,137979.4498571194
1546,131689.14079362428
2518,168625.92043072698
2347,168579.3267198262
783,149270.1688544739
1322,44424.4886029904
194,68804.33370229567
1770,287852.8453797824
2143,121940.66005184787
1229,216988.79530791464
511,283395.761636519
46,208858.2701039204
1348,207362.063862331
2465,196505.65346970613
387,235551.78269964588
873,217238.41237444722
1918,115970.94028112394
2764,235858.39895420327
2184,113343.45825846247
934,146870.10898525454
1920,116769.88567296477
2631,165470.69288359786
1768,490561.87497274345
2040,114113.5400996099
1749,207487.71262380405
834,206437.34628294548
1457,242779.86497602394
79,120213.12717056929
2302,99410.59339543612
1817,120767.76408118397
2755,252413.58858368685
359,161543.79148200733
2059,108658.51564765535
2092,256106.06209270976
2516,244896.1537799771
150,117643.94413966531
1656,155810.76083476655
83,118055.50654100953
2411,172435.958322506
795,77198.72845822739
2312,241497.15167408076
2917,69436.50572761589
1624,187786.12441811964
2215,307832.3504980864
1211,149705.09677354086
1485,147921.63781066725
1024,194958.3572928564
570,186133.84364864847
2874,159479.0935864168
700,179631.17033001664
2756,219094.52971101337
2022,191550.33459246752
583,232295.4981299209
2392,314115.7367046556
2424,204751.87132082938
212,114263.85270619616
736,118797.75362468089
1610,180979.15942092583
890,106050.95731331897
467,160803.96146905163
578,283164.2066093432
1747,185847.43700463846
1149,169320.20651374463
2758,210799.91126130457
857,109017.48199212791
2219,281397.17471764924
733,130917.27370150856
2909,113263.87894799848
1798,268834.5489061955
235,94168.7151170034
2366,140887.82441490813
1027,130242.11675400523
1195,125965.65778850227
1303,-1510.7064648839005
148,208448.32274535214
608,154558.3401209892
2515,189679.1152937684
821,279637.4162606179
2500,276037.16747813806
745,111221.65232758592
741,152182.86526630365
1611,148608.04764478604
2532,116228.21978448628
1081,230017.29666575888
1692,365154.3152186526
2520,205181.33347638874
276,139505.55860819644
1992,123128.68377427527
663,-7685.4315858808695
418,153585.36750449566
1733,176000.0011124007
2359,168350.48515051277
253,202314.46721162394
1518,156684.99592495625
2035,152991.88010451884
2919,58357.29599546803
1540,228427.9080557982
2120,138285.9115048382
1674,177768.17826726695
256,158171.41267480046
2361,78106.22636676731
978,62873.785061327464
2280,151735.9223164635
2095,238036.25292493927
1709,300176.39121461596
2801,225477.29906236177
1246,105215.20558129589
2373,134309.61221359926
1055,279431.47638116
2017,131186.3880815091
1099,310640.76533922204
1344,95420.82572907193
835,176478.66496822675
1117,221514.11676105563
2043,83293.05531281956
2085,122435.64760852698
410,166697.28021449174
2650,147386.56917348123
2867,180376.269378482
1668,108806.29555990311
1161,182068.6377615155
2122,169074.61916323163
2539,137519.37550272793
1047,157626.6332851454
1445,108983.82447746936
541,101372.5533430377
569,217446.63381661152
1276,143192.95647633434
918,156776.68140334036
326,159262.90447708318
1936,106187.37457256287
895,80282.78884450247
257,128743.4765310658
1241,197078.19574988142
1545,128843.6728828701
1189,179459.37497439768
270,147921.63781066725
2066,228569.89839808692
693,124783.74782678009
1259,202866.52966357392
2916,146306.4372180211
2321,273529.38088311336
1977,110233.68941423649
1895,171314.16183578697
1240,168211.10361662135
85,141141.87876277298
1823,112699.1638963221
825,276764.5432872693
110,215963.72799681075
697,132481.3674491896
2297,80389.77825687213
1231,142226.30219740357
1355,128382.67955944355
968,328869.70465636003
584,236726.1620779474
1315,109611.55830884996
1606,127082.00658385674
206,116696.3092516446
1685,317171.9054389703
2016,126004.19854606438
869,213272.75010484102
2135,119211.98434484555
2346,176826.074005214
2430,228827.06913877133
2198,95413.42158932374
2652,128275.08271936956
27,96337.3135353845
241,167754.66353912203
906,119403.61968506163
1506,83172.0099497133
2098,328990.12257711316
1435,216343.938700516
2213,139733.76975906309
1274,163721.58864530924
743,5577.265874242643
1737,199010.42721842666
2797,276323.10445609165
2185,86310.15624581769
58,185217.42881234252
830,203650.53930838726
808,162310.92469703805
680,147107.42727597975
1153,105816.61314370853
1291,146137.9468751883
1818,215963.30247024674
2161,191031.01020285307
1883,134116.72079697013
350,307844.4790384738
2473,127519.75624389228
295,193531.2460781099
293,213733.24547085093
859,105139.61007114261
288,50311.224858029775
1578,133275.68991127092
102,214788.40038238914
2831,177587.78240250752
1030,188775.71174096203
2551,132536.5095534415
1286,154531.4269595352
958,297031.8949833709
776,120015.01420088054
72,187000.54871448127
2263,262634.1773166303
1866,158027.1372665181
2876,63114.938449811074
2146,267153.99469969154
103,185263.11793483794
1500,162433.69830799423
492,176042.27551233533
167,139276.6029699616
2597,102678.69152480025
2685,115272.68536633148
1035,155487.2174996768
1220,43821.44308308876
2602,170512.6778809413
2159,206381.2004223672
695,181904.93568605743
1109,247671.35895940938
640,209307.13441408926
1652,169696.62508430367
2090,188191.02251949388
1188,202552.13368225895
2345,242274.65412024345
1059,350886.25374911574
2751,241382.62611928425
128,218573.48411100917
1523,186085.36816158553
2925,145694.74505505417
2145,303968.10606851085
1121,232794.2299536973
566,278755.64656537597
565,215794.85820916347
1331,143266.5919925833
2928,91870.91934175517
156,138172.8840122888
797,142179.82034845554
327,76820.05754932723
2859,156260.76835651603
1453,100081.65611256436
1762,330019.83603316674
1868,220945.65091260886
1760,175571.74997992345
1113,265179.1321469825
1812,181719.81675782995
117,172168.66257343235
1142,213865.22284035836
2342,330877.91491102125
927,123303.72283315705
2478,189748.01820546825
655,51307.16038121257
2064,107510.58460943386
369,213426.0595394496
2239,138892.09083716496
2732,206320.85906510084
1653,170954.86741383068
959,205404.84256637565
2395,294772.9873187975
1412,84876.66097969998
271,256847.6420927351
1484,149500.48177194726
1497,110271.40055677656
552,189419.86370233525
2,120821.72880774034
1855,297952.549887191
4,254179.76857703592
2292,158749.98635278613
134,137314.1423066478
646,109542.2842709306
42,319779.9003219017
532,219711.77380460617
713,78804.18639433221
2561,132673.30087961451
2360,119097.65753113243
1333,113127.78478924592
1407,209917.57861517608
2892,258885.68432357593
574,250371.08071122735
1227,184104.13779879845
2591,265527.1317850661
1476,220057.2237061885
1125,281021.2267927698
1446,124267.96500422913
408,124719.63671091665
1101,287898.7923322146
2251,177025.78716069786
373,217984.93766427046
2554,114700.43458131312
2382,277871.4357346407
1985,83904.28491516254
519,230878.58716809753
1093,194519.62709204684
864,260630.1640387125
2889,157658.38453893375
2308,218707.35657159943
986,134333.12534443004
1302,164522.99280078383
585,159277.363223041
2708,141063.93511782816
147,130796.86373529915
1441,218152.66261615083
383,165149.04741406403
285,156080.0594398749
181,123879.53215516903
358,162447.11992704426
780,200764.12069213588
258,202055.36364835524
1865,243169.91561287857
692,137190.35767931677
2902,303872.1365696612
508,286553.95554749825
2638,152987.91249009033
36,164958.20855321042
611,192734.83583155676
2281,111020.8534152209
1678,146045.3797624715
1696,376149.6773430994
1557,75921.09328727699
2180,136250.7027581425
1726,236030.28965744746
951,134706.12048179386
267,224889.9785082467
2706,129280.94046078662
2221,212251.9443080842
1357,184195.44636535554
2901,293199.9335559871
347,198915.34772290217
2164,195413.54818196606
1586,291940.7165395361
360,167238.01022952714
1769,218623.2799961027
2617,213310.42265244678
1879,168160.0912631435
991,230585.5030940682
1535,121491.26915480776
1191,170811.2512897853
1579,212781.88639125475
1882,135086.64514893238
1510,114885.20734406229
2196,161482.95385781993
1845,186456.9226327532
2336,346174.9716174012
942,103571.37320381882
861,100813.0888878486
2555,89309.61743736628
1392,139938.9864751497
2099,282948.10509149206
1543,138475.36917861504
948,240921.94146926483
1239,149904.08487933557
22,196113.27685877046
2796,258676.71876920125
2747,175183.79403867884
92,300691.41635364894
210,165376.1496267251
1858,225282.93019114813
2228,204991.07114281948
447,230038.8914206939
827,233463.72301285807
1649,239365.98263611883
682,134958.56995275983
2698,137044.55089247113
494,185563.61872341626
214,98621.59052380113
2441,244301.72355463172
2679,118980.45606262443
1336,120417.7512872637
465,184405.9585291067
1524,141556.33431687643
2543,123602.3716250018
631,129007.33335966195
2452,308790.48612977244
228,171301.6535455235
126,150043.88289833098
1092,210963.39538562708
1122,205726.2272582146
932,234140.86785732067
1980,89938.8866389789
2171,91807.8609643165
551,165253.1565818973
2768,181514.14921156896
2056,108711.59074568233
1159,348645.0873757147
2645,144220.2528755031
1174,193182.76106471563
2266,213102.44918102544
2462,340657.9895967679
1219,119337.63137034807
2922,205748.7503632917
118,150788.74596822917
474,186660.67470985508
2576,170493.02716952914
872,267825.0145816105
1077,238095.1294416522
1536,149210.47285364073
1150,114650.1119964839
2341,287635.64192605147
1931,124205.60723039959
2785,110884.33034057094
2538,114916.73221697356
597,234028.1194017256
464,199121.16883844807
233,208229.31970208135
2169,118587.69848848315
2123,155318.25549147226
1867,182339.27736687145
137,275036.49524734705
515,213513.06729937528
933,138129.1792675413
2784,193668.85314714356
972,179599.2519550526
599,176228.67059473554
2614,137512.49551328167
2582,127984.21782523955
1409,180545.457557753
175,84072.32628128788
352,236568.9221427667
976,62873.785061327464
2134,203603.13597480097
984,82831.17032664611
2396,308278.3229311968
1673,157776.05237638124
404,145799.7834055571
607,162261.24897843547
814,156979.10775049313
868,202939.10577620968
2271,198909.71310007665
1633,227503.47697450907
337,195481.59579107957
2765,191954.83097127842
1746,228209.8794308391
368,314694.7020646514
2806,207467.83536609288
1662,188583.3943916938
1234,210855.54102016002
1373,127482.00481373738
1672,95253.46625854631
1939,110964.79534538044
