Id,SalePrice
2658,164858.43976331374
2718,213448.28277943947
2414,194546.5831136169
1989,114701.22826544824
625,186520.5384080325
333,89679.4085812387
1327,100244.86110044981
858,144899.8970129073
95,214387.1450701533
1568,173604.59617406956
2482,175325.80360035377
1364,137389.90384526039
2584,179462.53834462166
818,285071.8369192139
2673,162487.41267817898
2089,120227.58982326277
1297,168225.669927723
790,124534.54884874809
2616,199860.3743171621
720,198248.44652729353
222,125308.69023139065
557,128350.35250730766
1148,210232.82725981076
2766,155441.18055726076
534,211456.21151683363
1452,113514.55144430429
630,114467.14172544272
2648,119088.33766163536
125,155455.00293924392
1904,18053.82716594613
1670,102515.07788919669
756,102017.61165476649
717,257613.8526140554
1032,148158.09737885778
852,227260.06970682216
1731,191964.25972232246
2639,114439.15178904287
2071,85171.4910068434
1267,104206.27587441879
1851,215838.39009769203
567,162935.3291297385
2439,220180.3990364764
1898,157182.1644754475
647,138482.48826980928
2256,219723.33002277417
979,89687.51103008655
1444,221802.5933195264
2485,115105.43980700523
157,112218.69817276113
88,123210.77400308778
2003,111979.79258845723
186,215912.19453948305
1425,275516.23660256085
2695,121174.09048768238
738,101041.21614890161
395,155977.4008148841
1353,183557.0833099134
1878,146782.88871166296
390,189759.25066907902
1456,241269.09918295487
1103,306457.9922202388
1387,127757.81084014976
2070,132081.0461610707
1199,203354.36597903247
2479,179381.7032357743
501,305199.3335958454
2362,73293.89070662111
1718,197912.29230355716
2188,26606.8600098897
1483,153124.1454559738
2557,75151.47923715482
437,307358.7100558805
2224,201319.4052367675
1628,184812.25452939142
397,127707.64017499087
587,213001.28880202258
2182,511908.2530643912
971,157535.57630030054
2611,155351.13579808758
1887,92927.06189080887
2399,307907.5660862697
2148,222119.55350861105
304,131681.99281071255
1997,115634.8070381385
2817,98332.52019113046
1431,183563.71087950142
427,328961.16391425347
263,124675.67155503144
598,175504.91919635853
2895,255660.2827008518
687,173414.1607916382
1822,117983.11771674501
2191,87603.29767780832
179,136427.628268586
1009,217962.7047964502
2010,106749.47197782365
1991,155530.1123313225
1411,159595.46360718855
1721,256368.45322426502
1144,192476.01923139032
593,231122.18962225097
575,258065.74588278797
1249,198226.00744050066
1604,118736.73332768225
1064,391434.0017359478
1923,160352.36899409385
1988,83187.50448209827
2325,169664.2649182222
114,205281.4626668843
2700,226545.3992322192
217,145990.03944735054
343,188577.92373659706
386,251271.3013900465
2005,97442.87975584297
2908,130383.47747547517
1814,222907.62277974782
2446,412090.3422110565
208,138287.82229031122
1679,128809.37698625156
822,305449.7224445543
6,185885.32294008043
1781,355320.82993019186
2397,270799.5928645934
2340,286920.59870557743
1618,171803.92858604155
2843,139192.5379606319
1061,328549.64364490635
2786,111306.76750833541
1935,114702.14060780744
1341,101806.79039237194
521,294306.423642237
2136,128581.94534314028
996,188157.38997366815
227,144735.67055029038
135,152483.25630617293
1167,176590.15048445447
294,222574.6858130839
1776,219216.77550859284
540,201881.74020422332
1717,197912.29230355716
2303,110448.98345253314
116,190380.30944758863
127,119367.67524550704
1371,132249.04622937262
1014,191281.96761080762
1507,85862.46626210795
702,163720.33473016205
750,172116.68869013235
261,154313.99091912177
1559,56865.420711907675
577,243719.92153862468
2812,216185.5742306218
2080,168667.07385388156
1368,119232.91782995558
2376,111850.25265240064
659,86326.78086416924
1235,123466.3956657818
332,73479.07549161161
1917,134421.49257576233
2094,251020.88954622718
1460,281034.97168198903
1471,200604.9261080526
1509,113209.44032141007
1922,119674.75172076072
433,401108.16044293786
460,267540.636610299
1116,267603.9604964509
1137,179920.42216921854
53,194734.97986408777
2354,247677.19141078298
1475,219716.30059429957
1761,470966.8190199544
842,141664.1689773656
2739,176814.2257432863
2509,179686.76404605643
1007,216767.8506670494
2610,186286.14964040637
1952,76235.98501440545
2719,212182.15845961147
2921,88970.60632238048
1966,139231.0177594974
292,120536.64242836961
1204,216474.37846363825
1829,241961.72886490112
2419,197536.05963900546
391,174967.90806594468
798,131681.36946892773
481,196847.0771345375
193,204405.4380388928
555,126745.21176910459
899,64917.91625242226
2357,201357.37540118536
328,117082.75508499471
1356,110814.31195939775
1154,107703.19785547955
1730,175105.227004393
2249,150451.77240454545
1119,265939.79754063895
2856,125420.9415807398
1394,138755.135651735
2587,133132.48257248278
61,317517.5228148734
2661,209096.4953341846
2711,137077.61298417323
1147,187213.01117234677
757,134024.53502907057
2623,88265.03761708725
2378,168255.93821762654
1413,140151.0379718967
1722,236377.03889545496
1112,216150.90876342612
1623,191132.48942298803
1201,192627.02011671197
1513,92806.73732592491
957,257496.92074202525
1171,270807.06233587733
1145,210023.7388307677
2726,246081.58760018018
703,162388.3375232818
760,58469.48890794662
1964,121034.24375738215
2512,194184.31076378864
159,172620.0719596733
1281,187082.28572484886
468,175601.4866903862
290,130018.35585634969
665,104757.81811542751
1463,281168.2746342602
1792,239261.43169093004
923,141181.5877058711
500,273936.8859316746
1408,139014.42368624161
331,54988.97369426477
170,111463.69275648904
2192,78129.75020336546
2571,298763.86203525704
2314,169645.8300080417
2647,90529.37520406465
422,348767.7081308018
2457,328815.1219854057
1838,212676.078694063
2805,259608.58516555186
1645,178190.2298803681
1711,289253.02103114105
2825,252140.2013608812
322,326107.7973961795
2103,278529.2650661105
342,136098.647942767
600,97253.34224817471
488,198035.26697892998
1725,303764.1261362147
2246,256714.43984433776
2847,161589.86334187048
806,254880.62886186014
530,237188.2526943544
963,193044.51845788362
2678,61768.070007038536
171,59107.94064158888
2401,352055.4440224294
805,224171.0308508646
2259,220071.52907820314
1748,183709.8245839388
1361,155333.6973200742
1677,142800.44624060567
1406,157769.35686066502
2322,226922.58506371558
688,188079.87874072534
143,143025.3319065253
804,210400.27991973865
1214,181693.9657833072
2828,166234.69263209822
1999,199325.22143413255
2467,208773.02967560163
2665,192059.34195302345
1538,327368.1724535166
398,104551.5724226695
2822,138261.1248209827
2157,152769.7443265447
1856,174630.8403039421
1269,110386.50803182088
2570,123100.25440570398
2320,257004.4780038941
1517,139776.17258919682
2304,111482.16750098485
1312,82143.08873267309
2012,147523.7159811959
506,219419.91694310785
2865,198583.08996350842
2367,125327.20820987318
554,118882.15884134814
238,139176.26173326757
1954,108277.29351679655
2488,172571.58693940716
2291,91097.01309895492
1969,96608.56900538795
2725,163728.22463763156
1482,153124.1454559738
2763,209580.38459973678
503,239664.18216250697
1584,240315.97151706507
1531,165044.7313299292
2210,186926.6547653164
459,306450.0059534826
556,134958.94512649986
1347,163603.68026888813
1290,83148.92938448547
1388,102760.1830282769
1571,184828.56636153779
2754,214550.58893976687
765,130163.4164247032
2494,122610.1504274346
2870,181249.75656773103
7,235366.85073123954
1114,242868.6207973567
2418,283456.7168304939
291,131289.56579720683
18,322472.22922619083
39,315354.3397785076
1001,265521.2697087482
2442,241406.07593591372
616,121095.62001548184
2680,49253.628625742975
1414,114675.86876605963
289,134401.8894750626
40,270552.44821677345
860,130150.38400280022
409,147295.6045067882
673,152806.8025092109
2427,194238.55126268626
2036,202876.5980803524
2564,142399.04237670114
642,195516.69769997604
1008,183736.58782251296
1908,159301.8508556959
2519,221711.87346903712
1369,91613.97957061743
2855,177769.74922448653
712,85070.85171695892
1943,75274.8974012679
1958,140593.14635085233
107,184078.5936566462
2295,189364.05241734686
704,99466.24496555713
676,124736.6072900634
259,187279.96421708923
93,286650.3572780676
106,247338.5886445745
2315,188879.71348181344
1050,110153.37903782527
1095,196642.2086947927
2709,139807.27091937186
758,160929.51614246203
1496,164565.2026378722
2370,142446.04511117667
2458,260662.32812996372
2733,129461.07548444148
161,277679.3261416573
726,162162.17060103477
845,223559.88564586174
947,267820.02478124027
2232,103507.77619755862
2563,154908.4052723971
2299,148356.9885131485
211,99911.69274602365
605,203970.02118522243
1478,225601.3204315385
2247,258197.7946763169
2274,201699.35642206878
2869,184872.30372854462
967,231568.42774975626
2656,84174.71942133969
667,252172.04503780662
1042,128008.50999240135
2023,175097.35024007142
2447,348195.51701308205
2055,131407.08362834156
2275,282323.56934043765
2204,161372.73984236503
1563,257275.80288128194
483,215440.05330645014
796,124343.34712760465
1526,145953.97655861813
2042,184910.24951956375
442,312193.8735459491
1693,296500.1791061517
1468,221308.35072118382
1430,191665.70761288167
2605,184357.99911137845
1529,178842.0748948251
335,135106.54833888577
1287,134128.9445802411
31,111389.01084585686
1785,260302.724751945
82,172337.94668455166
2620,125504.44649556337
252,218505.12497834885
721,44874.353201510734
2165,188268.29917004856
2316,174896.9213151601
775,129920.26819345227
1558,101803.01712136634
17,229502.89262394328
1022,241230.2805419265
925,109528.51988468226
438,284887.117216022
1270,150511.96060884895
1272,121481.99476712267
215,134969.69965409872
266,225453.0762474282
2402,259581.41121809743
1250,135733.8186947764
1984,114094.59124213445
1279,153072.9057536174
377,263365.68960305897
1252,143591.71596718265
2156,264232.02724150254
499,301002.90888092155
1374,112558.83944221656
2898,267048.6566811622
401,104905.97355209861
2721,177906.13898099458
2078,236847.30928981095
2589,121409.0178101703
1946,239705.1787112212
1334,117152.48434786405
2781,245002.38933180645
431,353580.3136084478
576,221329.7225665535
1474,214630.8532687776
2254,161330.5587104084
2155,293364.33095737523
885,91294.20469363069
643,143049.07840225997
1944,120248.44348669995
480,205172.3812533057
2845,85628.80233684974
2387,289593.6671205368
2407,213907.07639114128
2527,169400.93283482117
2514,171640.42530899832
629,190267.6565138339
80,214641.44147833658
1876,133615.80629368243
1546,126463.58747414383
2518,177363.97086183075
2347,168996.8349950713
783,164755.91281618446
1322,43341.467480146326
194,61905.22225659748
1770,278389.01712922053
2143,126867.29158710327
1229,210984.40741150093
511,281946.30709772534
46,214851.2560022832
1348,193842.28722359927
2465,206745.07059485093
387,245246.84703863377
873,216358.35906188143
1918,118111.11442806164
2764,242767.161858498
2184,118143.7567287744
934,154478.86257634056
1920,122748.19419045362
2631,158263.91871869448
1768,464660.5243245282
2040,107892.95663567388
1749,222636.48015955533
834,224126.03824137722
1457,250432.80377704417
79,127032.43874139513
2302,110094.58232310403
1817,129147.85263145983
2755,253153.17494746973
359,170696.36163505574
2059,111394.01635205373
2092,249605.4363045065
2516,253568.9078703475
150,118117.48136868759
1656,149512.35022562835
83,106420.2162327905
2411,185388.2854754415
795,68093.54625052167
2312,245027.10631754668
2917,75887.08834098221
1624,194613.05126016634
2215,296721.716224425
1211,156004.79159855214
1485,153124.1454559738
1024,168725.32961898705
570,193611.15087026416
2874,149758.9429645521
700,165129.24013761594
2756,231834.3838498767
2022,187217.1335106208
583,228492.84969343466
2392,305376.71525444114
2424,214012.25399749272
212,112621.0139265944
736,115960.54567852698
1610,174973.90711716737
890,115237.13045906962
467,173604.22533106187
578,265945.71977355855
1747,186922.70163668063
1149,176148.34649936447
2758,232322.88726488617
857,115089.01223688654
2219,267342.41389866674
733,116957.3873517412
2909,121125.87786078337
1798,279179.84301415016
235,97699.69338058599
2366,143080.15608110838
1027,138924.60132821684
1195,129150.91063701513
1303,181.5816442205105
148,191885.56390044233
608,157127.41268087388
2515,197120.92939303385
821,276820.0785477485
2500,277720.30071450095
745,103929.7220588139
741,150809.03513721982
1611,128227.95711685461
2532,116742.23064792331
1081,231107.4025137747
1692,363928.3272741183
2520,205425.88965230342
276,123986.02594737953
1992,119170.47295755043
663,-5308.855273217196
418,155613.01819478057
1733,189215.8958780819
2359,159212.39960117755
253,208594.59528230305
1518,156366.2314883673
2035,150879.60427130386
2919,73479.07549161161
1540,221511.8612921267
2120,153493.61925425858
1674,189621.91750146588
256,158078.18316231016
2361,88715.07535190554
978,69771.70226617553
2280,164187.8690715651
2095,228015.57844243373
1709,299135.68029218656
2801,241136.40358556586
1246,101197.78301762405
2373,125800.72605643247
1055,274229.9074028614
2017,122436.10929840303
1099,267313.15761129523
1344,78721.26499915402
835,185965.66191828565
1117,222447.6373926726
2043,75953.9096717278
2085,123374.12361837912
410,170220.95580825733
2650,131545.3393668898
2867,172105.51331670082
1668,117714.5572474082
1161,188509.91865807702
2122,176628.51825688395
2539,141863.25134103012
1047,156734.14736313897
1445,119115.99786122749
541,127546.85823553626
569,225662.9722089999
1276,137820.29854195635
918,141712.17437051737
326,173915.9813395458
1936,109386.65696756181
895,87178.59726404969
257,142112.26279859128
1241,193567.97633640934
1545,117466.1995840458
1189,173111.036168686
270,153124.1454559738
2066,193125.1906767527
693,107237.23634536669
1259,186125.32033260958
2916,148006.5018827475
2321,281467.4214145602
1977,102929.6422567307
1895,167472.56865854585
1240,171069.7039675517
85,145978.14493199508
1823,119807.2895610265
825,276412.01064431877
110,227200.51134825696
697,110586.81928720826
2297,89826.78250346566
1231,141744.23638738855
1355,131307.09072018578
968,311603.70917125605
584,234827.03421299823
1315,99498.20352878794
1606,134762.21513774374
206,117679.60647873697
1685,308140.34873250243
2016,125530.4525482558
869,226631.93972924817
2135,124814.12864136964
2346,175437.04082170862
2430,234169.28025235294
2198,85462.7605971127
2652,128699.02739387646
27,104265.34866251948
241,180467.90938080405
906,116147.91470788128
1506,83212.11177173664
2098,328895.8421193026
1435,218061.53950451547
2213,121499.79226002365
1274,153719.24452669162
743,3538.6683728033677
1737,209633.64676764258
2797,275870.118466021
2185,65903.67316140549
58,185463.38571067853
830,208936.2256485771
808,146045.07499783137
680,162050.43659031147
1153,112706.91245169018
1291,137037.15250628372
1818,184120.33651156595
2161,200990.02728092554
1883,135097.02832005778
350,327205.3698735337
2473,150899.44121970912
295,179885.51792013913
293,198563.63384885015
859,113031.5987083111
288,44501.9652783405
1578,142325.51952775242
102,175371.34694261244
2831,191420.9157205253
1030,188207.80282205134
2551,138411.18073545746
1286,131006.59939563437
958,299188.18703339784
776,128077.70995054534
72,202346.88864723477
2263,267016.794949724
1866,160030.58426032297
2876,54240.928967100335
2146,275806.0331839954
103,191512.24270054745
1500,166234.69263209822
492,188681.68331395567
167,144892.7532843115
2597,103701.40633622801
2685,107405.53921109322
1035,158958.82850526902
1220,35508.0318569222
2602,150915.32109235227
2159,220801.72174018295
695,167465.63324459118
1109,243070.44887932471
640,197597.4202622961
1652,158338.08262620063
2090,198987.64170931675
1188,216539.88447848463
2345,240583.12805447401
1059,358400.599534489
2751,254647.92908308946
128,206850.59547706693
1523,178380.01826962258
2925,152076.55931045755
2145,306789.011333189
1121,240325.0878160376
566,305557.4959792376
565,215755.2192723403
1331,140118.66014629067
2928,110493.05646307778
156,135689.64504726522
797,146622.7676700434
327,90033.8097106677
2859,148714.15740721847
1453,106640.06581312022
1762,324363.8060416663
1868,214916.5824090097
1760,188647.49562709313
1113,270426.5668122162
1812,194001.36081073165
117,179241.08518867719
1142,212589.97079479985
2342,321447.0964431751
927,128742.30326148693
2478,204689.0270529691
655,59929.63830183854
2064,114040.04708328156
369,225647.16150958906
2239,127286.9471328184
2732,218726.92199927056
1653,169530.41574777372
959,219075.49685900577
2395,304758.0459891076
1412,96809.44681785465
271,260130.1117207968
1484,153124.1454559738
1497,134576.41668081132
552,182440.53266072867
2,125029.43559725245
1855,282571.71168799466
4,263174.6956297016
2292,164241.42506608693
134,136472.69804404257
646,114086.54655181721
42,298584.4501498705
532,232271.1254797642
713,73828.9947517576
2561,129592.55099562241
2360,129609.70158445602
1333,111293.26295819646
1407,186581.82145379065
2892,263591.6790797914
574,237960.36457328475
1227,183464.00862899562
2591,248850.80276112154
1476,219462.70129838015
1125,259868.7823438273
1446,118763.62657152594
408,117821.2770542875
1101,283889.5337329102
2251,184149.55650889035
373,209479.6922270368
2554,114738.8992049282
2382,275250.49654223653
1985,69311.67130893248
519,234957.74333074887
1093,195687.90546109946
864,266857.99498268624
2889,158711.85540947854
2308,213729.27179312625
986,152461.438511195
1302,165072.74328170973
585,166498.77453132696
2708,145433.65532896947
147,135516.44901442376
1441,225087.412393603
383,169697.18630424677
285,157358.81082997983
181,117773.13822483225
358,167604.45151553117
780,184242.17096917366
258,211419.3069235402
1865,227287.28275131248
692,129543.80166615266
2902,306355.74651906267
508,286225.24141115067
2638,151632.81273864093
36,168274.80799649446
611,189996.45565701928
2281,119378.68384854787
1678,142800.44624060567
1696,376152.1743736686
1557,61255.87696867902
2180,151510.52593850053
1726,234889.21680520312
951,141512.52425746375
267,239889.06608880905
2706,134628.22539098246
2221,205492.11086800252
1357,174195.28027688316
2901,293802.8124655911
347,196204.09411712235
2164,202559.44443189667
1586,296494.6176289385
360,171804.4527333905
1769,232473.17089364084
2617,180671.5275117464
1879,175790.79305505275
991,227837.18773443205
1535,122914.97489079798
1191,177894.81610965915
1579,219373.97851865157
1882,136802.20375050942
1510,119183.08152505173
2196,170026.02661374444
1845,175371.34694261244
2336,332459.3073952454
942,95990.92300969281
861,107175.84789321548
2555,95008.88372459682
1392,149678.82486953877
2099,278529.2650661105
1543,143537.57634995878
948,266493.7841366236
1239,151500.864464298
22,186722.44059524243
2796,256570.9179854436
2747,177034.13856703194
92,289329.4290278016
210,165697.2291619929
1858,224744.88198664738
2228,207533.76963701716
447,232155.54835280683
827,239991.8806435211
1649,216781.75102853682
682,139994.5338385926
2698,128539.46321671444
494,185453.95082124462
214,98353.28167136549
2441,254207.31498525268
2679,108268.65210127376
1336,109706.05757644866
465,193396.84617791732
1524,133955.01992370584
2543,123561.51372707286
631,128920.30644372338
2452,299950.6685106454
228,158694.39110342017
126,157313.68278145767
1092,214002.29433532734
1122,216840.54942860059
932,216929.4697322226
1980,66212.97100370191
2171,100043.11155975389
551,163561.35281606182
2768,182479.93794180558
2056,114947.21007542289
1159,342184.19087717426
2645,130994.89562940178
1174,189561.00848452817
2266,215991.64612638834
2462,351984.80872730515
1219,127013.17010206426
2922,214934.27040857705
118,151890.9693403294
474,193000.71377467806
2576,171273.35786371888
872,273681.99767053104
1077,236362.32086902834
1536,145980.55066700163
1150,121249.52700626152
2341,288208.60628022463
1931,124881.54870813468
2785,119414.30887633632
2538,123656.35619662283
597,229922.3211049256
464,204930.93223210122
233,225973.81412658957
2169,118738.8540204441
2123,162590.60399310233
1867,180673.4244401327
137,269129.5289430829
515,228879.79945459357
933,143192.61010996357
2784,183120.77428378945
972,174258.9460878519
599,176644.25475855463
2614,128306.46973133297
2582,136641.30852699443
1409,166401.52460218058
175,80000.97657341335
352,241708.72154623526
976,69771.70226617553
2134,210423.99949717592
984,97816.44555777998
2396,316408.1879200472
1673,157750.99311434245
404,142016.95269282116
607,160887.52686033898
814,165763.40665262635
868,214516.3768427797
2271,202522.93295146222
1633,238428.55740546563
337,202937.3148711807
2765,171514.48728653963
1746,237817.58154697064
368,310108.3974291512
2806,217447.99495870166
1662,196422.86319265258
1234,199294.028406261
1373,134922.56015540252
1672,103250.13560012192
1939,113757.75009804126
